3.127099294873765345e+01
3.672362999486842483e+01
3.965239589230390749e+01
5.662155066756826471e+01
8.399255919425243633e+01
9.066662837008995268e+01
7.328668023590644509e+01
5.851014869234225557e+01
3.224418552235425750e+01
2.463483306215002600e+01
1.500000000000000000e+01
1.400000000000000000e+01
1.500000000000000000e+01
1.500000000000000000e+01
1.500000000000000000e+01
1.400000000000000000e+01
1.400000000000000000e+01
1.300000000000000000e+01
1.500000000000000000e+01
1.500000000000000000e+01
1.619168585112860104e-01
3.883325394935305042e+00
2.242135693683684039e+01
5.153173374613000135e+01
2.045791325977089348e-01
4.196868018462454053e+00
2.561098730990375216e+01
5.497239422084625460e+01
2.305972321452199880e-01
5.114908311502739835e+00
3.098898830787382153e+01
5.345536635706914552e+01
2.401497711095234300e-01
4.996086086256363856e+00
3.705657667925467535e+01
6.216073271413824841e+01
5.415938980180479145e-01
1.244668515179352219e+01
7.092630993017995422e+01
1.402938596491227941e+02
5.783156042443969858e-01
1.357495123555494665e+01
7.987124863440652689e+01
1.475730134158925750e+02
3.140529491148687513e-01
8.018397237437485003e+00
5.637539691990158275e+01
1.152874097007223213e+02
2.049396681749624805e-01
5.154384830855420319e+00
3.550336673130792775e+01
6.290970072239419864e+01
1.691672620465194954e-01
4.249004865103947814e+00
3.112133888643182900e+01
4.686274509803919841e+01
1.941169855256544563e-01
4.585944499257192497e+00
2.813253958803493049e+01
3.139705882352940591e+01
2.677918968154189727e+01
5.944219881531974181e+01
5.116211977625633978e+01
5.407113370366854355e+01
8.612418359554997949e+01
8.760172658115820354e+01
8.934483756770728746e+01
5.541152858386059421e+01
4.919984756073945675e+01
1.800000000000000000e+01
1.400000000000000000e+01
1.500000000000000000e+01
1.400000000000000000e+01
1.400000000000000000e+01
1.400000000000000000e+01
1.300000000000000000e+01
1.400000000000000000e+01
1.500000000000000000e+01
1.400000000000000000e+01
1.400000000000000000e+01
1.211796459474479004e-01
2.659719150818225852e+00
1.382045186495652977e+01
2.135061919504641992e+01
2.646198830409359215e-01
5.078247088309010060e+00
3.127341307643169088e+01
4.358281733746122200e+01
3.796571935116841989e-01
8.534758842808408019e+00
4.977739267096866627e+01
7.721723426212582808e+01
2.539890450107171738e-01
5.323296930108079472e+00
3.062886807894546948e+01
3.516950464396282428e+01
3.323641872403482189e-01
8.109704408079030813e+00
5.882250970563670478e+01
1.065941692466459614e+02
5.595214469053491069e-01
1.287967373184093844e+01
7.243754134582317761e+01
1.267812177502578379e+02
2.923943531528672146e-01
5.951845110513850123e+00
4.408760163984626246e+01
1.063405572755416699e+02
4.619519197692571466e-01
9.911250127581389791e+00
5.355844031269726457e+01
8.173348813209500463e+01
2.946733349210137742e-01
7.661662640764822285e+00
5.381590571451258853e+01
7.961532507739929088e+01
5.840345584927629508e-02
1.285123158575172564e+00
8.433994110464700711e+00
2.059597523219815685e+01
3.012992698298487326e+01
4.664560536642224520e+01
7.139415242160943365e+01
7.954322724154458513e+01
8.658052610142767946e+01
8.824504235366426030e+01
7.876111032736905315e+01
6.525957784111079718e+01
4.674064077438391251e+01
3.613516293030930626e+01
1.400000000000000000e+01
1.400000000000000000e+01
1.400000000000000000e+01
1.400000000000000000e+01
1.300000000000000000e+01
1.300000000000000000e+01
1.400000000000000000e+01
1.300000000000000000e+01
1.300000000000000000e+01
1.400000000000000000e+01
1.641528406234289417e-01
3.384265244559362618e+00
1.619070063923004810e+01
3.058281733746127884e+01
3.153760154534153148e-01
7.558670431735455608e+00
4.775000236261849551e+01
8.043498452012380540e+01
2.720290545367949897e-01
6.067782578618500011e+00
4.055100326230372332e+01
9.162151702786376006e+01
5.165250985684433083e-01
1.175241695868632341e+01
6.743656416682736676e+01
1.173196594427242303e+02
5.503195205207592755e-01
1.162641190079270359e+01
8.221253926671890611e+01
1.181744066047470483e+02
5.415310523669664144e-01
1.192574195670172088e+01
7.959249793034631182e+01
1.527283281733744502e+02
5.089439284485736126e-01
1.233079021082118842e+01
8.168871934738815810e+01
1.346248710010318348e+02
3.863221401921103082e-01
9.977612299980739508e+00
7.379923649621801474e+01
1.351692466460265791e+02
2.429249027546246664e-01
5.335767302872562290e+00
4.086561851461237183e+01
8.339963880288961207e+01
2.468511021142602013e-01
6.290844475441999428e+00
4.472562392028337541e+01
7.415841073271418793e+01
3.069405479893459798e+01
4.635933023674953546e+01
6.707318763857880128e+01
6.506343058892606734e+01
8.067643708047597784e+01
8.058729738612655069e+01
9.128937506632412635e+01
7.752378667222080821e+01
3.967918219923389245e+01
2.361673135723908601e+01
1.500000000000000000e+01
1.300000000000000000e+01
1.400000000000000000e+01
1.400000000000000000e+01
1.400000000000000000e+01
1.500000000000000000e+01
1.300000000000000000e+01
1.400000000000000000e+01
1.400000000000000000e+01
1.400000000000000000e+01
2.174128760816068928e-01
4.695011000351557051e+00
2.632011637313492614e+01
5.213957688338483365e+01
3.233805668016197510e-01
7.084711212420193860e+00
4.097792274804658774e+01
6.217260061919498071e+01
3.655698446720132000e-01
8.573010580750544563e+00
5.504825600955643239e+01
9.433178534571733564e+01
4.268344314783955040e-01
9.509236893137840596e+00
5.646036943792372398e+01
1.034393704850361075e+02
3.775435950358561055e-01
8.260837330883784801e+00
5.659452316689161222e+01
1.085423116615068295e+02
6.081540578444611933e-01
1.298668759001576944e+01
7.273576947648152213e+01
1.178279153766768559e+02
4.903647693895358262e-01
1.045065435080916671e+01
6.666212854912549801e+01
1.254832301341589869e+02
4.295037178164114455e-01
9.606297984780953314e+00
6.814425345036799797e+01
1.214956140350876126e+02
3.028002699055337699e-01
8.365001871193834759e+00
6.333387342791370145e+01
9.817414860681094524e+01
1.127616363684475487e-01
2.727368477755474530e+00
2.045449927609370988e+01
3.247884416924662787e+01
2.844072783878781152e+01
4.268928436973381935e+01
4.819167459219486460e+01
5.684573422870004578e+01
5.513449464718072335e+01
7.547474743250221252e+01
7.397296803562771572e+01
6.642241714963405741e+01
4.775523531509399078e+01
4.613092780337287024e+01
1.400000000000000000e+01
1.400000000000000000e+01
1.400000000000000000e+01
1.400000000000000000e+01
1.400000000000000000e+01
1.300000000000000000e+01
1.400000000000000000e+01
1.500000000000000000e+01
1.400000000000000000e+01
1.400000000000000000e+01
1.422362467254109086e-01
3.231478016307738788e+00
1.903149890185494186e+01
3.674948400412792182e+01
2.211571538196927811e-01
5.286094194762935849e+00
3.612509355969114466e+01
5.695459236326101404e+01
3.022975046968857105e-01
6.969235872486647665e+00
3.958076705716023014e+01
4.394711042311655547e+01
3.129184197295656333e-01
7.109642034951638045e+00
4.155368955949454346e+01
6.390531475748184675e+01
4.993020825064177215e-01
9.911992934825763157e+00
4.609922336005931953e+01
6.631088751289973970e+01
3.826605541001827371e-01
9.876335351954548258e+00
7.845227605212127742e+01
1.155982972136220610e+02
4.657391971633462191e-01
1.109222717427052274e+01
7.437442399361908940e+01
1.195335397316819979e+02
3.786516630943876915e-01
8.870677825786184911e+00
5.930582583910760519e+01
1.254871001031992535e+02
2.771592442645084420e-01
7.320291679424824061e+00
5.601578465394263162e+01
1.078015995872033841e+02
3.132128019898919313e-01
7.626944907517663630e+00
4.511558969066707903e+01
2.023271413828683762e+01
2.371576479896863887e+01
3.438022687534216715e+01
3.807312043949116287e+01
4.444659717008715916e+01
5.898834630670705792e+01
5.909156031109687746e+01
5.037050228060069657e+01
4.157448135575475590e+01
3.633266436693021006e+01
4.445151853424132327e+01
1.400000000000000000e+01
1.500000000000000000e+01
1.400000000000000000e+01
1.500000000000000000e+01
1.400000000000000000e+01
1.300000000000000000e+01
1.300000000000000000e+01
1.400000000000000000e+01
1.300000000000000000e+01
1.400000000000000000e+01
1.530258527162552951e-01
3.997003254743193512e+00
2.986015755830000984e+01
5.751780185758499897e+01
1.691308777222093884e-01
4.191474160514413683e+00
2.689437630652802724e+01
5.372884416924665629e+01
2.031039136302292269e-01
4.576204368387035260e+00
2.611164789802554509e+01
4.448993808049535659e+01
2.562779497764022252e-01
5.926422390818665953e+00
3.264573811980935147e+01
6.272807017543865982e+01
3.242306369241348962e-01
7.089104265187865295e+00
4.981647321546705598e+01
7.949922600619174773e+01
3.079436902966316003e-01
7.168808616564036562e+00
5.578424284693635826e+01
8.579876160990714595e+01
2.509989150856024587e-01
5.711824810896025006e+00
4.033248515330564032e+01
7.723374613003086608e+01
2.902906776745793338e-01
6.743199911543578118e+00
4.758026948971220804e+01
1.056978844169245519e+02
2.442479690931700642e-01
5.746104514680355102e+00
3.634138182938484363e+01
7.927941176470579876e+01
2.735307348310445641e-01
6.612774867031830262e+00
4.001958468947633207e+01
3.807120743034059984e+01
6.488643926122006178e+01
7.833142728177496394e+01
7.319409129157899940e+01
6.275846556441609181e+01
8.854906831808000334e+01
6.856520619089539537e+01
6.959436040369938326e+01
4.933495211308104444e+01
5.482130060478317546e+01
5.945901950082930654e+01
1.400000000000000000e+01
1.400000000000000000e+01
1.400000000000000000e+01
1.400000000000000000e+01
1.400000000000000000e+01
1.400000000000000000e+01
1.400000000000000000e+01
1.400000000000000000e+01
1.500000000000000000e+01
1.300000000000000000e+01
4.218299330528436641e-01
9.689877975481689276e+00
6.822763970635486430e+01
1.466359649122808264e+02
4.932292080124900391e-01
1.033382664806813445e+01
5.965098218774692640e+01
7.520304437564493583e+01
4.001845677542275048e-01
1.019445389491829168e+01
6.998363981220013841e+01
1.249169246646025613e+02
4.223889285808797300e-01
9.317826523321890875e+00
5.251148279824757736e+01
8.251470588235281411e+01
5.941692466460271049e-01
1.334464838567005529e+01
7.372493734335840543e+01
1.277236842105261587e+02
3.841721573919721910e-01
8.890372140759144060e+00
6.034314576032838318e+01
1.244339525283797769e+02
3.619049509142390764e-01
8.376054672881300789e+00
5.985032623035716881e+01
1.259091847265222270e+02
3.235790267524020769e-01
8.111235384842204965e+00
6.063882179052458810e+01
1.264824561403508483e+02
3.302704347595996071e-01
7.195341294412505917e+00
4.663203729534993158e+01
9.966821465428277804e+01
4.522935354978703804e-01
1.070023900248359006e+01
6.282663483747079169e+01
9.912538699690404087e+01
1.824143634695469984e+01
3.292415526630865941e+01
3.318414531067509898e+01
7.349532298044549350e+01
8.160997181717439730e+01
8.258291288153984055e+01
5.994111693987692036e+01
4.604481512613553917e+01
2.289650628371062169e+01
1.846956956726387844e+01
1.400000000000000000e+01
1.500000000000000000e+01
1.500000000000000000e+01
1.400000000000000000e+01
1.500000000000000000e+01
1.400000000000000000e+01
1.500000000000000000e+01
1.400000000000000000e+01
1.500000000000000000e+01
1.400000000000000000e+01
1.432682384694769218e-01
3.250846289932975974e+00
1.787305792762449741e+01
1.852141382868937569e+01
1.656578285835254294e-01
3.488680694950047734e+00
2.180493324185276549e+01
2.681785345717229063e+01
1.588175756132416960e-01
3.857183966704097244e+00
2.496281427550779597e+01
4.167827657378747119e+01
4.429328411526554654e-01
7.457410494562190628e+00
2.670034248517221798e+01
4.309004127966971254e+01
5.909575031092064723e-01
1.389545838578346348e+01
8.088215826141518505e+01
1.214060887512899853e+02
5.199518403852760873e-01
1.164394441987318984e+01
7.048799128288297311e+01
1.421253869969039272e+02
5.616978910322572016e-01
1.249236921489243990e+01
6.999259082850414870e+01
9.597162022703808759e+01
1.832049958984945659e-01
3.672182435727327832e+00
2.212708146686476240e+01
4.429592363261092203e+01
1.541835357624829483e-01
4.022700983227290195e+00
2.966418308213967236e+01
4.761222910216704918e+01
1.047306236934723023e-01
2.416838192766989746e+00
1.401927991169480237e+01
2.757920536635705488e+01
1.168256245828035000e+00
1.181450013479124372e+00
1.103956799385793719e+00
1.249945800321463629e+00
2.359670440542445569e+00
3.187753728043030144e+00
2.105859999673389993e+00
1.839532343919928259e+00
1.230842345908960800e+00
1.014916723210518290e+00
1.000000000000000000e+00
4.000000000000000000e+00
6.000000000000000000e+00
4.000000000000000000e+00
5.000000000000000000e+00
6.000000000000000000e+00
4.000000000000000000e+00
4.000000000000000000e+00
6.000000000000000000e+00
3.000000000000000000e+00
1.268034401998823901e-03
2.875268898282365079e-02
1.736249017427591301e-01
8.674602370759161296e-01
4.727090563684145132e-03
1.110193589154411381e-01
6.955773845996734428e-01
1.454459207099779938e+00
5.046060668173308998e-03
1.165429876048027641e-01
6.893491898607138069e-01
1.473476602812177294e+00
3.485491647316822823e-03
7.737365479703395277e-02
4.893855390226157787e-01
1.046576311959817929e+00
5.415366082119427160e-03
9.559549065546016355e-02
5.719649601126505223e-01
2.383321567216523551e+00
7.692346777031067173e-03
1.971158234533056663e-01
1.294663077142282237e+00
4.438141971426726506e+00
5.188138482872910184e-03
9.763338612899619129e-02
7.524804965107667609e-01
3.403488489865518218e+00
2.829152547068088889e-03
8.355031584369583542e-02
6.382859449658747630e-01
2.657955583035020997e+00
2.548595296333782453e-03
6.641711642985252684e-02
4.527377998277266058e-01
1.691574049438853589e+00
4.189144258781030139e-03
8.937831877753636689e-02
5.066573994526436531e-01
1.049422351691498667e+00
1.654252768945300600e+00
1.529663782452172160e+00
1.581815996949872849e+00
1.144051910378472536e+00
1.843145485554267049e+00
3.224323974031125584e+00
2.408746718338619974e+00
1.106994667606381544e+00
1.181570848658944906e+00
1.340549572243248333e+00
1.000000000000000000e+00
2.000000000000000000e+00
4.000000000000000000e+00
4.000000000000000000e+00
4.000000000000000000e+00
4.000000000000000000e+00
6.000000000000000000e+00
4.000000000000000000e+00
4.000000000000000000e+00
1.000000000000000000e+00
1.941010350823445772e-03
3.785259477968819924e-02
2.448867212215204425e-01
1.657788917376161519e+00
4.102744409114443026e-03
9.216565805377063825e-02
4.932378382608846312e-01
1.945775712114615086e+00
7.278174684758774958e-03
1.623374267470145682e-01
1.049271539110225193e+00
1.854858650388609309e+00
4.358771958249818036e-03
1.175062534542220954e-01
7.995923102498426749e-01
1.537699948400413685e+00
8.543993209051928273e-03
1.734951300785369799e-01
7.602081824303081881e-01
1.875982231399961231e+00
1.649949161434353245e-02
3.089855229003291015e-01
1.580745016283388482e+00
4.098195929276313265e+00
6.862889808419997233e-03
2.073297656890121243e-01
1.919733501630398242e+00
6.201186362188786383e+00
2.744492129099025592e-03
7.189000396543358817e-02
4.443060046930168983e-01
1.282990226312564097e+00
2.738023768886772846e-03
7.510456234065615577e-02
6.187938214503815315e-01
1.205973937169440457e+00
3.209719852589737292e-03
7.383270898740947052e-02
4.156408071172758567e-01
1.505515083809016996e+00
1.017725686706578925e+00
9.870122519846731279e-01
7.983837710553201017e-01
9.137546558887725823e-01
9.957192408805297656e-01
1.058762948566148498e+00
1.093259060896061508e+00
9.339508347370170105e-01
7.517303731365058139e-01
9.853535662537117323e-01
4.000000000000000000e+00
5.000000000000000000e+00
3.000000000000000000e+00
3.000000000000000000e+00
4.000000000000000000e+00
4.000000000000000000e+00
4.000000000000000000e+00
4.000000000000000000e+00
4.000000000000000000e+00
3.000000000000000000e+00
1.547412650746873234e-03
3.061530816068202404e-02
1.782334001651648403e-01
1.281136873951883359e+00
3.512177468986499383e-03
9.019505083077637708e-02
6.219623274542823710e-01
1.287083046109068096e+00
2.341724054669096396e-03
5.457489723495658612e-02
3.535981722126478322e-01
9.640546391253864700e-01
2.324509010598590792e-03
5.878756339089918209e-02
4.234562451625391577e-01
1.033353413836751500e+00
3.357892946051144450e-03
7.600539692012309168e-02
3.781494624684915151e-01
1.082995844822303377e+00
6.621420511208030157e-03
1.259335819941274082e-01
7.193212105423528735e-01
1.669351835615002111e+00
2.563137397545044247e-03
6.170968266718995787e-02
3.991491252951500646e-01
1.150032602473554544e+00
1.761193167065242373e-03
4.320885110116921834e-02
3.027206925781235625e-01
1.441633383925115641e+00
1.535065431315491957e-03
3.456851451043472384e-02
2.395038852116206374e-01
1.180721129426276939e+00
2.161583856668094442e-03
5.129647894393091906e-02
3.214615426459578318e-01
1.029747237608036547e+00
2.621143828694473541e+02
2.780947429117570664e+02
2.405151925790304972e+02
1.998238677560816257e+02
5.378301182380774890e+02
7.192985454322408714e+02
3.665943397164082853e+02
2.268762100733914053e+02
2.583228736121716338e+02
3.078005418838380933e+02
7.000000000000000000e+00
8.000000000000000000e+00
8.000000000000000000e+00
9.000000000000000000e+00
9.000000000000000000e+00
8.000000000000000000e+00
8.000000000000000000e+00
7.000000000000000000e+00
7.000000000000000000e+00
7.000000000000000000e+00
5.882997936016514107e-01
1.058696931454768553e+01
7.388306039774214184e+01
1.481175664344684719e+02
7.300061936042975264e-01
1.980936335819753680e+01
1.186343457212507673e+02
3.130272671568625924e+02
1.081540578444603495e+00
2.252868437354698017e+01
1.328243244328769777e+02
3.631169375644993238e+02
1.164563404646609790e+00
2.742745314218804253e+01
1.983292740594888244e+02
3.141061822755416983e+02
1.761862736828875065e+00
2.996153474041436482e+01
1.576681654527533283e+02
3.329306146800827264e+02
3.318493697242731244e+00
7.259002931891380683e+01
4.741046458352236641e+02
1.585996371904025636e+03
1.530211599653354959e+00
4.086013783043576808e+01
2.993356505599875845e+02
6.096644091847263098e+02
1.306216881995714285e+00
3.057274239402238436e+01
1.956977628602047901e+02
3.817894575593393824e+02
5.931293991955757239e-01
1.500489921424036055e+01
1.138683397194910754e+02
2.959751354489163191e+02
5.256877464211052731e-01
1.144078504377458394e+01
8.204192823806317847e+01
3.289490776573786661e+02
2.591618047947133618e+02
3.682465657723436152e+02
3.509020153336745693e+02
2.925522109685348369e+02
2.632723403536962792e+02
2.975903860036423794e+02
2.200684985248201144e+02
2.662148551848558213e+02
3.993202216320842126e+02
4.199232468000848826e+02
6.000000000000000000e+00
8.000000000000000000e+00
9.000000000000000000e+00
1.000000000000000000e+01
1.000000000000000000e+01
9.000000000000000000e+00
9.000000000000000000e+00
8.000000000000000000e+00
9.000000000000000000e+00
9.000000000000000000e+00
3.161070096054619527e-01
5.850152814162107084e+00
4.198779660312165873e+01
1.029827625128997681e+02
5.699817334153637338e-01
1.264097336809217786e+01
8.465716687315953948e+01
3.490315563725489483e+02
6.044616691143392950e-01
1.392353400115105799e+01
8.677524493265585193e+01
3.608475554695561982e+02
5.285406082135953865e-01
1.012484743391283715e+01
6.011033301225351266e+01
3.514610906862745310e+02
5.953314777327947116e-01
1.616053948148087116e+01
1.030644985094240980e+02
2.294616066821463960e+02
8.972051877431139744e-01
2.115936812478027917e+01
1.306593023258560891e+02
3.239800051599587505e+02
4.402594202323300010e-01
9.814965864888456792e+00
8.148734463420991858e+01
3.862204592363261781e+02
5.450400723717285789e-01
1.206242123620702067e+01
7.505926731775709015e+01
2.650772058823528710e+02
4.804029067767463523e-01
1.162567954813505722e+01
5.903823974765355587e+01
3.885231230650155112e+02
3.178685483977669590e-01
7.399213620164666771e+00
5.084068273058218068e+01
5.038280766253868137e+02
2.484362514709193590e+02
3.000399167780117864e+02
3.086529203557624328e+02
3.710434903465032335e+02
7.154179614876471760e+02
7.452017209994007771e+02
3.290663539215200899e+02
3.442180354197076895e+02
3.062541071153169128e+02
2.076246490016223447e+02
9.000000000000000000e+00
8.000000000000000000e+00
1.100000000000000000e+01
1.000000000000000000e+01
1.000000000000000000e+01
9.000000000000000000e+00
1.000000000000000000e+01
9.000000000000000000e+00
9.000000000000000000e+00
9.000000000000000000e+00
2.314847202376228430e-01
5.087596323954687527e+00
3.973370637897536284e+01
1.307799438854488869e+02
4.004987960096322297e-01
8.577924590888990508e+00
6.774054796091854769e+01
3.340499064757479459e+02
4.789843315868859142e-01
1.227995655499042194e+01
8.335368392464945941e+01
3.019202463880287723e+02
3.827112027334550470e-01
9.333286287693207228e+00
4.545133590716976357e+01
3.094096845975232100e+02
1.006336454116059986e+00
1.975414453483823252e+01
1.167063880418901647e+02
6.928573432662536788e+02
1.396126475218967933e+00
3.383933816441556530e+01
1.801937276850686658e+02
1.066397155572754855e+03
7.256779061152126564e-01
1.697704031005110537e+01
1.188576149673767901e+02
6.773363648090817151e+02
3.928372082638727503e-01
9.356092525572991647e+00
7.673652563252055359e+01
3.657382610939113192e+02
2.930228096636767754e-01
7.909299106788465039e+00
5.689969668704191008e+01
3.726919343395251190e+02
2.208633917467124341e-01
6.048371955057330496e+00
5.029156728902766105e+01
2.846331430598553425e+02
