[-12.625, 8.75, -14.8125]
[-12.625, 8.75, -14.8125]
[-10.8125, 9.375, -14.6875]
[-10.6875, 8.9375, -12.0625]
[-8.0625, 8.8125, -9.5625]
[-8.0625, 8.8125, -9.5625]
[-2.6875, 8.1875, -7.6875]
[-2.6875, 8.1875, -7.6875]
[0.125, 6.125, -6.0625]
[0.125, 6.125, -6.0625]
[-0.375, 2.875, -5.0625]
[-0.375, 2.875, -5.0625]
[-1.375, 0.8125, -4.75]
[-1.375, 0.8125, -4.75]
[-1.375, 0.8125, -4.75]
[-1.375, 0.8125, -4.75]
[0.1875, -4.1875, -2.9375]
[0.1875, -4.1875, -2.9375]
[3.625, -6.9375, -0.8125]
[3.625, -6.9375, -0.8125]
[3.625, -6.9375, -0.8125]
[11.8125, -6.25, 2.5625]
[11.8125, -6.25, 2.5625]
[13.25, -7.4375, 3.5625]
[13.25, -7.4375, 3.5625]
[16.0, -10.0625, 5.0]
[16.0, -10.0625, 5.0]
[20.125, -9.9375, 5.6875]
[20.125, -9.9375, 5.6875]
[20.3125, -9.4375, 5.4375]
[20.3125, -9.4375, 5.4375]
[20.3125, -9.4375, 5.4375]
[19.4375, -10.0625, 4.75]
[17.25, -11.0, 4.6875]
[17.25, -11.0, 4.6875]
[17.4375, -9.5625, 6.0625]
[17.4375, -9.5625, 6.0625]
[16.25, -7.75, 6.625]
[16.25, -7.75, 6.625]
[14.5625, -7.1875, 5.25]
[12.875, -6.75, 4.3125]
[12.875, -6.75, 4.3125]
[12.875, -6.75, 4.3125]
[11.1875, -4.875, 3.1875]
[10.8125, -1.9375, 1.875]
[10.8125, -1.9375, 1.875]
[11.1875, -0.0625, 0.625]
[11.1875, -0.0625, 0.625]
[9.9375, 1.0, -0.8125]
[9.9375, 1.0, -0.8125]
[8.625, 2.5625, -2.875]
[8.625, 2.5625, -2.875]
[8.625, 2.5625, -2.875]
[7.5, 6.125, -4.75]
[6.3125, 8.4375, -6.4375]
[6.3125, 8.4375, -6.4375]
[4.375, 10.375, -7.8125]
[4.375, 10.375, -7.8125]
[2.3125, 11.125, -9.0]
[2.3125, 11.125, -9.0]
[0.25, 11.625, -9.6875]
[0.25, 11.625, -9.6875]
[-0.3125, 12.75, -10.125]
[-0.3125, 12.75, -10.125]
[-1.5, 13.625, -10.5]
[-1.5, 13.625, -10.5]
[-2.5, 14.75, -9.875]
[-2.5, 14.75, -9.875]
[-4.0, 15.3125, -9.25]
[-4.0, 15.3125, -9.25]
[-5.3125, 15.5, -8.9375]
[-5.3125, 15.5, -8.9375]
[-5.3125, 15.5, -8.9375]
[-5.0, 14.0, -8.9375]
[-5.0, 14.0, -8.9375]
[-5.5, 13.75, -8.6875]
[-5.5, 13.75, -8.6875]
[-5.5, 13.75, -8.6875]
[-7.3125, 12.125, -8.3125]
[-6.3125, 11.375, -7.25]
[-6.3125, 11.375, -7.25]
[-4.125, 11.8125, -6.4375]
[-4.125, 11.8125, -6.4375]
[-5.0625, 11.5625, -5.25]
[-5.0625, 11.5625, -5.25]
[-6.6875, 10.0625, -5.375]
[-6.6875, 10.0625, -5.375]
[-6.6875, 10.0625, -5.375]
[-6.375, 7.9375, -5.1875]
[-5.0625, 6.875, -4.5625]
[-5.0625, 6.875, -4.5625]
[-3.625, 6.5, -2.9375]
[-3.625, 6.5, -2.9375]
[-4.8125, 6.0625, -1.875]
[-4.8125, 6.0625, -1.875]
[-4.375, 5.0, -2.0]
[-4.375, 5.0, -2.0]
[-4.375, 5.0, -2.0]
[-4.0, 4.0625, -2.6875]
[-4.0, 4.0625, -2.6875]
[-4.0, 3.5, -2.6875]
[-4.0, 3.5, -2.6875]
[-4.1875, 3.375, -1.9375]
[-4.1875, 3.375, -1.9375]
[-4.1875, 3.375, -1.9375]
[-2.875, 0.6875, -2.0625]
[-2.875, 0.6875, -2.0625]
[-2.875, 0.6875, -2.0625]
[-2.3125, 0.125, -1.9375]
[-0.8125, -0.0625, -0.625]
[-0.8125, -0.0625, -0.625]
[0.5625, -1.0, 0.875]
[0.5625, -1.0, 0.875]
[0.4375, -1.9375, 1.1875]
[0.4375, -1.9375, 1.1875]
[1.25, -2.5625, 0.6875]
[1.25, -2.5625, 0.6875]
[1.25, -2.375, 0.875]
[1.25, -2.375, 0.875]
[1.5, -1.875, 1.625]
[1.5, -1.875, 1.625]
[1.625, -3.0, 1.75]
[1.625, -3.0, 1.75]
[2.0625, -4.625, 1.1875]
[2.4375, -4.5625, 1.375]
[2.4375, -4.5625, 1.375]
[2.4375, -4.5625, 1.375]
[2.625, -4.25, 1.5625]
[2.0625, -4.75, 1.25]
[2.0625, -4.75, 1.25]
[2.0625, -4.75, 1.25]
[2.0625, -4.75, 1.25]
[1.9375, -5.1875, 0.75]
[1.9375, -5.1875, 0.75]
[2.9375, -4.5625, 1.25]
[2.9375, -4.5625, 1.25]
[2.0625, -4.25, 2.0]
[2.0625, -4.25, 2.0]
[3.0625, -4.25, 1.625]
[3.0625, -4.25, 1.625]
[3.0625, -4.25, 1.625]
[2.1875, -4.25, 1.0625]
[2.1875, -4.25, 1.0625]
[2.1875, -4.25, 1.0625]
[2.6875, -3.3125, 1.0625]
[2.6875, -3.3125, 1.0625]
[2.6875, -3.3125, 1.0625]
[2.6875, -3.3125, 1.0625]
[3.6875, -3.5625, 1.4375]
[3.6875, -3.5625, 1.4375]
[3.6875, -3.5625, 1.4375]
[2.8125, -3.0, 1.0625]
[2.8125, -3.0, 1.0625]
[2.1875, -1.9375, 0.75]
[2.1875, -1.9375, 0.75]
[2.1875, -1.9375, 0.75]
[1.0625, -1.6875, 0.75]
[1.0625, -1.6875, 0.75]
[1.625, -2.25, 0.6875]
[1.625, -2.25, 0.6875]
[1.625, -2.25, 0.6875]
[1.5, -1.9375, 1.0]
[1.5, -1.9375, 1.0]
[0.4375, -1.4375, 0.5625]
[0.4375, -1.4375, 0.5625]
[-0.75, -0.8125, -0.3125]
[-0.875, -1.0625, 0.0625]
[-0.875, -1.0625, 0.0625]
[-0.875, -1.0625, 0.0625]
[-0.875, -1.0625, 0.0625]
[-0.875, -1.0625, 0.0625]
[1.3125, -0.9375, 0.4375]
[1.3125, -0.9375, 0.4375]
[0.375, -1.0, 0.1875]
[0.375, -1.0, 0.1875]
[0.875, -0.75, -0.875]
[0.875, -0.75, -0.875]
[0.875, -0.75, -0.875]
[0.375, -0.6875, -0.4375]
[0.375, -0.6875, -0.4375]
[0.0625, -0.5625, -0.3125]
[0.125, -0.1875, 0.25]
[0.125, -0.1875, 0.25]
[0.125, -0.1875, 0.25]
[-0.1875, -0.6875, -0.8125]
[-0.1875, -0.6875, -0.8125]
[-0.9375, -1.25, -1.125]
[-0.9375, -1.25, -1.125]
[-0.4375, -0.875, -1.25]
[-0.8125, -0.4375, -1.0625]
[-0.8125, -0.4375, -1.0625]
[-0.8125, -0.4375, -1.0625]
[-1.4375, 0.0625, -1.1875]
[-1.4375, 0.0625, -1.1875]
[-1.75, 0.5, -1.125]
[-1.4375, 0.9375, -1.0625]
[-1.4375, 0.9375, -1.0625]
[-1.75, 1.0625, -0.9375]
[-1.75, 1.0625, -0.9375]
[-1.75, 1.0625, -0.9375]
[-1.75, 1.0625, -0.9375]
[-2.125, 1.625, -1.0]
[-2.5, 1.625, -1.25]
[-2.5, 1.625, -1.25]
[-2.5, 1.625, -1.25]
[-2.5, 1.625, -1.25]
[-1.9375, 1.9375, -0.25]
[-1.4375, 1.8125, -0.375]
[-1.4375, 1.8125, -0.375]
[-1.4375, 1.8125, -0.375]
[-1.3125, 1.3125, -0.5]
[-1.3125, 1.3125, -0.5]
[-1.5, 0.875, -0.25]
[-1.125, 0.875, 0.4375]
[-1.125, 0.875, 0.4375]
[-0.5625, 1.3125, 1.0]
[-0.5625, 1.3125, 1.0]
[-0.125, 1.0625, 0.875]
[-0.125, 1.0625, 0.875]
[-0.5, 0.625, 0.5]
[-0.5, 0.625, 0.5]
[-0.375, 0.6875, 0.5]
[-0.375, 0.6875, 0.5]
[-0.5, 0.4375, 0.8125]
[-0.5, 0.4375, 0.8125]
[-0.3125, 0.3125, 0.8125]
[-0.3125, 0.3125, 0.8125]
[-0.625, -0.5625, 0.625]
[-0.625, -0.5625, 0.625]
[-1.125, -0.6875, 0.25]
[-0.3125, -0.875, 0.125]
[-0.3125, -0.875, 0.125]
[-0.3125, -0.875, 0.125]
[-0.3125, -1.0, 0.375]
[-0.3125, -1.0, 0.375]
[0.1875, -1.3125, 0.4375]
[1.375, -1.3125, 0.5625]
[1.375, -1.3125, 0.5625]
[1.375, -1.3125, 0.5625]
[1.1875, -1.25, 0.625]
[1.1875, -1.25, 0.625]
[0.1875, -1.1875, 0.5625]
[0.1875, -1.1875, 0.5625]
[0.6875, -1.5625, 0.75]
[1.375, -1.4375, 0.5625]
[1.375, -1.4375, 0.5625]
[0.8125, -1.125, 0.1875]
[0.8125, -1.125, 0.1875]
[-0.4375, -1.0, -0.125]
[-0.4375, -1.0, -0.125]
[-1.375, -0.8125, -0.1875]
[-1.375, -0.8125, -0.1875]
[-1.375, -0.8125, -0.1875]
[-0.4375, -0.625, 0.1875]
[1.125, -0.4375, 0.375]
[1.125, -0.4375, 0.375]
[1.125, -0.4375, 0.375]
[-0.125, -0.6875, -0.0625]
[-1.0, -0.4375, -0.3125]
[-1.0, -0.4375, -0.3125]
[0.0, 0.3125, -0.4375]
[0.0, 0.3125, -0.4375]
[0.125, 0.625, -0.25]
[0.125, 0.625, -0.25]
[-0.0625, 1.0, 0.75]
[-0.0625, 1.0, 0.75]
[-0.0625, 1.1875, 1.0]
[-0.0625, 1.1875, 1.0]
[-0.75, 0.6875, 0.25]
[-0.75, 0.6875, 0.25]
[-1.1875, 0.5625, -0.1875]
[-1.1875, 0.5625, -0.1875]
[-0.9375, 0.875, 0.125]
[-0.9375, 0.875, 0.125]
[-1.4375, 1.3125, 0.375]
[-1.4375, 1.3125, 0.375]
[-1.9375, 1.5, 0.0]
[-1.9375, 1.5, 0.0]
[-2.125, 1.4375, 0.125]
[-2.125, 1.4375, 0.125]
[-1.6875, 1.25, 0.125]
[-1.6875, 1.25, 0.125]
[-1.125, 1.25, 0.0625]
[-1.0625, 1.0625, 0.25]
[-1.0625, 1.0625, 0.25]
[-1.0625, 1.0625, 0.25]
[-0.9375, 0.25, -0.25]
[-0.9375, 0.25, -0.25]
[-0.5, -0.1875, -0.625]
[-0.5, -0.1875, -0.625]
[-0.5, -0.1875, -0.625]
[-0.25, -0.125, -1.0]
[-0.125, -0.25, -1.375]
[-0.125, -0.25, -1.375]
[-0.125, -0.25, -1.375]
[-0.125, -0.25, -1.375]
[-0.25, -0.9375, -1.5]
[-0.25, -0.9375, -1.5]
[0.75, -1.5, -2.0]
[0.75, -1.5, -2.0]
[1.8125, -2.125, -2.0625]
[1.8125, -2.125, -2.0625]
[3.3125, -1.1875, -1.0]
[3.3125, -1.1875, -1.0]
[4.4375, -0.25, 0.375]
[4.4375, -0.25, 0.375]
[4.375, 0.25, 0.6875]
[4.375, 0.25, 0.6875]
[2.25, 0.1875, 0.125]
[0.875, 0.4375, -0.5625]
[0.875, 0.4375, -0.5625]
[0.875, 0.4375, -0.5625]
[-0.4375, 1.125, -0.4375]
[-0.4375, 1.125, -0.4375]
[-2.4375, 2.0625, 0.1875]
[-3.5625, 2.25, 0.3125]
[-3.5625, 2.25, 0.3125]
[-4.25, 2.625, -0.125]
[-4.25, 2.625, -0.125]
[-4.25, 2.625, -0.125]
[-4.75, 2.9375, -0.25]
[-4.75, 2.9375, -0.25]
[-4.875, 3.0625, -0.0625]
[-4.875, 3.0625, -0.0625]
[-4.6875, 2.8125, 0.0625]
[-4.6875, 2.8125, 0.0625]
[-3.8125, 2.4375, 0.375]
[-2.375, 1.625, 0.5625]
[-2.375, 1.625, 0.5625]
[-1.25, 1.3125, 0.625]
[-1.25, 1.3125, 0.625]
[-1.25, 1.3125, 0.625]
[-1.5625, 1.125, 0.125]
[-1.6875, 0.9375, -0.375]
[-1.6875, 0.9375, -0.375]
[-1.5, 0.4375, -0.875]
[-1.5, 0.4375, -0.875]
[-1.5, 0.4375, -0.875]
[-1.6875, 0.5, -0.8125]
[-1.8125, 0.5625, -0.1875]
[-1.8125, 0.5625, -0.1875]
[0.0, 1.625, 0.3125]
[0.0, 1.625, 0.3125]
[0.0, 1.625, 0.3125]
[-0.4375, 1.375, 0.3125]
[-0.4375, 1.375, 0.3125]
[-1.75, 0.625, -0.3125]
[-0.9375, 0.875, -0.4375]
[-0.9375, 0.875, -0.4375]
[-0.625, 1.0625, -0.1875]
[-0.625, 1.0625, -0.1875]
[-0.625, 1.0625, -0.1875]
[0.0625, 1.1875, 0.5]
[0.0625, 1.1875, 0.5]
[0.4375, 0.75, 0.3125]
[0.4375, 0.75, 0.3125]
[0.4375, 0.75, 0.3125]
[-0.875, 0.5625, -0.375]
[-0.875, 0.5625, -0.375]
[-0.625, 1.0, -0.1875]
[-0.625, 1.0, -0.1875]
[-0.625, 1.0, -0.1875]
[-1.125, 0.75, 0.125]
[-1.0, 0.625, 0.0]
[-1.0, 0.625, 0.0]
[-0.8125, 0.5, 0.0]
[-0.8125, 0.5, 0.0]
[-1.0625, 0.625, 0.0625]
[-0.4375, 0.9375, 0.1875]
[-0.4375, 0.9375, 0.1875]
[-0.375, 0.3125, -0.0625]
[-0.375, 0.3125, -0.0625]
[-0.375, 0.3125, -0.0625]
[-0.5, -0.0625, -0.1875]
[-0.5, -0.0625, -0.1875]
[-0.625, 0.0, -0.4375]
[-0.5625, 0.375, -0.4375]
[-0.5625, 0.375, -0.4375]
[-0.5625, 0.375, -0.4375]
[-0.5, 0.5625, -0.5]
[-0.5, 0.5625, -0.5]
[-0.5, 0.5625, -0.375]
[-0.4375, 0.5625, -0.5]
[-0.4375, 0.5625, -0.5]
[-0.4375, 0.5625, -0.5]
[-0.4375, 0.5, -1.0]
[-0.4375, 0.5, -1.0]
[-0.4375, 0.5, -1.0]
[-1.125, 0.25, -1.0625]
[-0.5625, 0.1875, -1.1875]
[-0.5625, 0.1875, -1.1875]
[-0.5625, 0.1875, -1.1875]
[-0.8125, 0.25, -1.0]
[-0.1875, 0.0625, -0.8125]
[-0.125, -0.125, -1.0]
[-0.125, -0.125, -1.0]
[-0.6875, -0.125, -1.6875]
[-0.6875, -0.125, -1.6875]
[0.0, 0.125, -2.1875]
[0.0, 0.125, -2.1875]
[0.0, 0.125, -2.1875]
[-0.1875, -0.125, -2.5]
[-0.3125, 0.1875, -2.625]
[-0.3125, 0.1875, -2.625]
[-0.3125, 0.1875, -2.625]
[-1.375, 0.9375, -2.0625]
[-1.375, 0.9375, -2.0625]
[-1.1875, 1.125, -1.9375]
[-1.1875, 1.125, -1.9375]
[-1.1875, 1.125, -1.9375]
[-1.1875, 1.125, -1.9375]
[-1.25, 0.625, -0.75]
[-1.25, 0.625, -0.75]
[-1.1875, 0.9375, -0.0625]
[-1.1875, 0.9375, -0.0625]
[-1.1875, 0.9375, -0.0625]
[-1.1875, 0.9375, -0.0625]
[-1.375, 0.875, 0.0625]
[-1.375, 0.875, 0.0625]
[-1.375, 0.875, 0.0625]
[-1.75, 0.625, 0.0]
[-1.75, 0.625, 0.0]
[-1.75, 0.625, 0.0]
[-1.0, 0.125, 0.5625]
[-1.0, 0.125, 0.5625]
[-0.6875, -0.4375, 0.5625]
[-0.6875, -0.4375, 0.5625]
[-0.6875, -0.4375, 0.5625]
[-0.6875, -0.4375, 0.5625]
[-1.375, -0.5625, 0.1875]
[-1.375, -0.5625, 0.1875]
[-0.375, -0.25, 0.875]
[-0.375, -0.25, 0.875]
[-0.375, -0.25, 0.875]
[0.1875, -0.4375, 0.4375]
[0.1875, -0.4375, 0.4375]
[0.1875, -0.4375, 0.4375]
[0.375, -0.75, 0.1875]
[0.375, -0.75, 0.1875]
[0.375, -0.75, 0.1875]
[0.375, -0.75, 0.1875]
[0.25, -0.625, -0.0625]
[0.25, -0.625, -0.0625]
[0.875, -0.8125, 0.25]
[0.875, -0.8125, 0.25]
[0.875, -0.8125, 0.25]
[0.6875, -0.875, -0.25]
[0.6875, -0.875, -0.25]
[0.4375, -0.5, -0.5]
[0.4375, -0.5, -0.5]
[0.4375, -0.5, -0.5]
[0.4375, -0.5, -0.5]
[-0.25, -0.1875, -0.4375]
[-0.25, -0.1875, -0.4375]
[-0.0625, -0.5, -0.6875]
[-0.0625, -0.5, -0.6875]
[-0.0625, -0.5, -0.6875]
[-0.0625, -0.5, -0.6875]
[0.8125, -0.4375, 0.0]
[0.8125, -0.4375, 0.0]
[0.6875, -0.4375, -0.0625]
[0.6875, -0.4375, -0.0625]
[0.6875, -0.4375, -0.0625]
[0.25, -0.75, -0.75]
[0.25, -0.75, -0.75]
[0.25, -0.75, -0.75]
[0.5625, -0.75, -0.75]
[0.5625, -0.75, -0.75]
[0.5625, -0.75, -0.75]
[0.4375, -0.25, -0.1875]
[0.4375, -0.25, -0.1875]
[0.3125, -0.3125, -0.25]
[0.3125, -0.3125, -0.25]
[0.3125, -0.3125, -0.25]
[0.3125, -0.3125, -0.25]
[-0.0625, -0.125, -0.4375]
[-0.0625, -0.125, -0.4375]
[-0.625, -0.3125, -0.625]
[-0.625, -0.3125, -0.625]
[-0.625, -0.3125, -0.625]
[-0.625, -0.3125, -0.625]
[-0.4375, -0.25, -0.375]
[-0.4375, -0.25, -0.375]
[-0.8125, -0.25, -0.25]
[-0.8125, -0.25, -0.25]
[-0.8125, -0.25, -0.25]
[-0.8125, -0.25, -0.25]
[-0.375, 0.3125, -0.375]
[-0.375, 0.3125, -0.375]
[-0.6875, 0.0625, -0.25]
[-0.6875, 0.0625, -0.25]
[-0.6875, 0.0625, -0.25]
[-0.6875, 0.0625, -0.25]
[-0.6875, 0.1875, 0.0625]
[-0.6875, 0.1875, 0.0625]
[-0.9375, 0.3125, -0.125]
[-0.9375, 0.3125, -0.125]
[-0.9375, 0.6875, -0.1875]
[-0.9375, 0.6875, -0.1875]
[-0.9375, 0.6875, -0.1875]
[-0.9375, 0.6875, -0.1875]
[-1.25, 0.4375, 0.0]
[-1.25, 0.4375, 0.0]
[-1.25, 0.4375, 0.0]
[-0.875, 0.5625, -0.125]
[-0.875, 0.5625, -0.125]
[-1.5, 0.1875, -0.5625]
[-1.5, 0.1875, -0.5625]
[-1.5, 0.1875, -0.5625]
[-1.3125, -0.3125, -0.5625]
[-0.875, -0.5, -0.8125]
[-0.875, -0.5, -0.8125]
[-2.125, -0.625, -1.0625]
[-2.125, -0.625, -1.0625]
[-2.125, -0.625, -1.0625]
[-2.5625, -0.3125, -1.75]
[-2.5625, -0.3125, -1.75]
[-2.5625, -0.3125, -1.75]
[-2.375, 0.4375, -0.875]
[-2.375, 0.4375, -0.875]
[-2.375, 0.4375, -0.875]
[-1.5, 0.3125, -0.8125]
[-1.5, 0.3125, -0.8125]
[-1.5, 0.3125, -0.8125]
[-1.5, 0.3125, -0.8125]
[-1.5, 0.3125, -0.8125]
[-0.5625, 0.6875, -0.0625]
[-0.5625, 0.6875, -0.0625]
[-0.5625, 0.6875, -0.0625]
[-0.5625, 0.6875, -0.0625]
[-0.5625, 0.6875, -0.0625]
[0.4375, -0.0625, 0.125]
[0.4375, -0.0625, 0.125]
[0.125, -0.1875, -0.25]
[0.125, -0.1875, -0.25]
[0.125, -0.1875, -0.25]
[0.0625, -0.25, 0.0]
[0.0625, -0.25, 0.0]
[0.0625, 0.125, 0.0]
[0.0625, 0.125, 0.0]
[0.0625, 0.125, 0.0]
[0.0625, 0.125, 0.0]
[-0.625, 0.5625, 0.0625]
[-0.625, 0.5625, 0.0625]
[-0.125, 0.625, 0.125]
[-0.125, 0.625, 0.125]
[-0.125, 0.625, 0.125]
[-0.625, 0.0, -0.1875]
[-0.625, 0.0, -0.1875]
[-0.625, 0.0, -0.1875]
[0.0625, -0.125, -0.4375]
[0.0625, -0.125, -0.4375]
[0.0625, -0.125, -0.4375]
[-0.5, 0.375, -0.4375]
[-0.5, 0.375, -0.4375]
[-0.75, 0.6875, -0.25]
[-0.75, 0.6875, -0.25]
[-0.75, 0.6875, -0.25]
[-0.75, 0.6875, -0.25]
[-0.6875, -0.0625, -0.3125]
[-0.6875, -0.0625, -0.3125]
[-0.6875, -0.0625, -0.3125]
[-1.375, 0.5, -0.375]
[-1.375, 0.5, -0.375]
[-1.375, 0.5, -0.375]
[-2.3125, 0.6875, -0.25]
[-2.3125, 0.6875, -0.25]
[-1.75, 0.5, 0.0625]
[-1.75, 0.5, 0.0625]
[-1.75, 0.5, 0.0625]
[-1.75, 0.5, 0.0625]
[-3.625, 0.125, -0.1875]
[-3.625, 0.125, -0.1875]
[-3.1875, 0.375, -0.375]
[-3.1875, 0.375, -0.375]
[-3.1875, 0.375, -0.375]
[-3.1875, 0.375, -0.375]
[-1.9375, 0.8125, -0.4375]
[-1.9375, 0.8125, -0.4375]
[-1.9375, 0.8125, -0.4375]
[-1.375, 0.4375, -0.125]
[-1.375, 0.4375, -0.125]
[-1.375, 0.4375, -0.125]
[-0.25, 0.5, -0.25]
[-0.25, 0.5, -0.25]
[-0.375, 0.25, -0.125]
[-0.375, 0.25, -0.125]
[-0.375, 0.25, -0.125]
[-0.375, 0.25, -0.125]
[0.25, 0.125, -0.625]
[0.25, 0.125, -0.625]
[0.25, 0.125, -0.625]
[0.25, 0.125, -0.625]
[0.25, 0.125, -0.625]
[-0.375, -0.125, -0.4375]
[-0.375, -0.125, -0.4375]
[-0.1875, -0.125, -0.25]
[-0.1875, -0.125, -0.25]
[-0.1875, -0.125, -0.25]
[-0.1875, -0.125, -0.25]
[-0.1875, -0.125, -0.25]
[-0.375, 0.1875, -0.0625]
[-0.375, 0.1875, -0.0625]
[-0.625, 0.3125, -0.25]
[-0.625, 0.3125, -0.25]
[-0.625, 0.3125, -0.25]
[-0.625, 0.3125, -0.25]
[-0.875, 0.0, -0.3125]
[-0.875, 0.0, -0.3125]
[0.375, 0.75, 0.375]
[0.375, 0.75, 0.375]
[0.375, 0.75, 0.375]
[-0.8125, 0.125, -0.25]
[-0.8125, 0.125, -0.25]
[-0.6875, 0.3125, -0.1875]
[-0.6875, 0.3125, -0.1875]
[-0.6875, 0.3125, -0.1875]
[-0.5625, 0.6875, 0.375]
[-0.5625, 0.6875, 0.375]
[-0.5625, 0.6875, 0.375]
[-0.5, 0.5625, 0.3125]
[-0.5, 0.5625, 0.3125]
[-0.5, 0.5625, 0.3125]
[-0.5, 0.5625, 0.3125]
[-0.75, 0.0, -0.375]
[-0.5, 0.125, -0.0625]
[-0.5, 0.125, -0.0625]
[-0.5, 0.125, -0.0625]
[-0.5, 0.125, -0.0625]
[-0.5, 0.125, -0.0625]
[-0.375, -0.3125, -0.1875]
[-0.375, -0.3125, -0.1875]
[0.1875, -0.5625, -0.5]
[0.1875, -0.5625, -0.5]
[0.1875, -0.5625, -0.5]
[-0.25, 0.0625, 0.4375]
[-0.25, 0.0625, 0.4375]
[0.3125, -0.125, 0.3125]
[0.3125, -0.125, 0.3125]
[0.3125, -0.125, 0.3125]
[0.3125, -0.125, 0.3125]
[-0.6875, -0.25, -0.25]
[-0.6875, -0.25, -0.25]
[-0.6875, 0.1875, -0.25]
[-0.6875, 0.1875, -0.25]
[-0.6875, 0.1875, -0.25]
[-0.6875, 0.1875, -0.25]
[-0.625, 0.25, 0.0625]
[-0.625, 0.25, 0.0625]
[-0.125, 0.125, -0.1875]
[-0.125, 0.125, -0.1875]
[-0.125, 0.125, -0.1875]
[-0.125, 0.125, -0.1875]
[-0.9375, 0.75, -0.4375]
[-0.9375, 0.75, -0.4375]
[-0.625, 0.9375, -0.3125]
[-0.625, 0.9375, -0.3125]
[-0.625, 0.9375, -0.3125]
[-1.0, 0.875, -0.375]
[-1.0, 0.875, -0.375]
[-1.0, 0.875, -0.375]
[-0.625, 1.0, -0.5]
[-0.625, 1.0, -0.5]
[-0.625, 1.0, -0.5]
[-1.25, 0.75, -0.6875]
[-1.25, 0.75, -0.6875]
[-0.625, 1.0, -0.6875]
[-0.625, 1.0, -0.6875]
[-0.625, 1.0, -0.6875]
[-0.625, 1.0, -0.6875]
[-0.625, 0.6875, -0.25]
[-0.625, 0.6875, -0.25]
[-0.1875, 0.8125, -0.0625]
[-0.1875, 0.8125, -0.0625]
[-0.1875, 0.8125, -0.0625]
[-0.1875, 0.8125, -0.0625]
[-0.1875, 0.3125, -0.25]
[-0.1875, 0.3125, -0.25]
[-0.1875, 0.25, -0.125]
[-0.1875, 0.25, -0.125]
[-0.1875, 0.25, -0.125]
[-0.5, 0.1875, -0.3125]
[-0.5, 0.1875, -0.3125]
[-0.5625, 0.375, -0.25]
[-0.5625, 0.375, -0.25]
[-0.5625, 0.375, -0.25]
[-0.5625, 0.375, -0.25]
[0.0625, -0.625, -0.0625]
[0.0625, -0.625, -0.0625]
[-0.125, -0.6875, -0.0625]
[-0.125, -0.6875, -0.0625]
[-0.0625, -0.375, -0.3125]
[0.0, -0.1875, -0.0625]
[0.0, -0.1875, -0.0625]
[-0.5, -0.875, -0.5625]
[-0.5, -0.875, -0.5625]
[0.0, -0.3125, -0.5625]
[0.0, -0.3125, -0.5625]
[-0.125, -0.125, 0.125]
[-0.125, -0.125, 0.125]
[0.1875, 0.25, 0.125]
[0.1875, 0.25, 0.125]
[-0.1875, -0.0625, -0.5]
[-0.1875, -0.0625, -0.5]
[-0.625, -0.3125, -0.8125]
[-0.625, -0.3125, -0.8125]
[-0.4375, -0.25, -0.5625]
[-0.4375, -0.25, -0.5625]
[0.375, 0.5625, 0.125]
[0.375, 0.5625, 0.125]
[-0.3125, 0.625, 0.1875]
[-0.3125, 0.625, 0.1875]
[0.0, 0.5, -0.125]
[0.0, 0.5, -0.125]
[0.0, 0.5, -0.125]
[-0.375, 0.0625, -0.5625]
[-0.75, -0.0625, -0.5625]
[-0.75, -0.0625, -0.5625]
[-0.25, 0.5625, -0.1875]
[-0.25, 0.5625, -0.1875]
[-0.6875, 0.1875, -0.375]
[-0.6875, 0.1875, -0.375]
[-0.5625, -0.5, -0.875]
[-0.5625, -0.5, -0.875]
[-0.3125, -0.5625, -0.6875]
[-0.0625, -0.625, -0.4375]
[-0.0625, -0.625, -0.4375]
[0.3125, -0.4375, -0.1875]
[0.3125, -0.4375, -0.1875]
[0.3125, -0.4375, -0.1875]
[-0.125, -2.0625, -0.8125]
[-0.125, -2.0625, -0.8125]
[-0.375, -2.75, -1.625]
[0.4375, -1.8125, -1.375]
[0.4375, -1.8125, -1.375]
[-0.5, -0.875, -1.3125]
[-0.5, -0.875, -1.3125]
[-1.5625, -0.5, -1.0]
[-1.5625, -0.5, -1.0]
[-0.3125, 0.0625, -0.375]
[-0.3125, 0.0625, -0.375]
[0.4375, 0.1875, 0.375]
[0.4375, 0.1875, 0.375]
[-0.3125, 0.625, 0.4375]
[-0.75, 0.625, 0.1875]
[-0.75, 0.625, 0.1875]
[-0.75, 0.625, 0.1875]
[-0.5, 0.3125, -0.0625]
[-0.5, 0.3125, -0.0625]
[-0.625, 0.0, -0.3125]
[-0.625, 0.0, -0.3125]
[-0.625, 0.0, -0.3125]
[-0.5, 0.0625, -0.0625]
[-0.5625, 0.0625, 0.125]
[-0.5625, 0.0625, 0.125]
[-0.4375, -0.3125, 0.0625]
[-0.4375, -0.3125, 0.0625]
[-0.4375, -0.3125, 0.0625]
[0.3125, -0.5625, -0.125]
[0.3125, -0.5625, -0.125]
[0.4375, -0.5, -0.125]
[-0.0625, -0.4375, -0.4375]
[-0.0625, -0.4375, -0.4375]
[-0.0625, -0.4375, -0.4375]
[0.875, -0.5625, -0.1875]
[0.875, -0.5625, -0.1875]
[0.6875, -0.6875, -0.0625]
[0.6875, -0.6875, -0.0625]
[0.6875, -0.6875, -0.0625]
[-0.0625, -0.5, -0.1875]
[-0.1875, 0.0, -0.4375]
[-0.1875, 0.0, -0.4375]
[-0.1875, 0.0, -0.4375]
[-0.625, 0.125, -0.5625]
[-0.625, 0.125, -0.5625]
[-0.625, 0.125, -0.5625]
[-1.0, -0.1875, -0.375]
[-1.0, -0.1875, -0.375]
[-0.3125, 0.125, -0.125]
[-0.3125, 0.125, -0.125]
[-0.3125, 0.0, 0.0625]
[-0.3125, 0.0, 0.0625]
[-0.4375, -0.1875, 0.0625]
[-0.4375, -0.1875, 0.0625]
[-0.3125, -0.125, 0.0625]
[-0.3125, -0.125, 0.0625]
[0.4375, -0.3125, 0.0625]
[0.4375, -0.3125, 0.0625]
[-0.0625, -0.375, 0.0625]
[-0.0625, -0.375, 0.0625]
[-0.0625, -0.375, 0.0625]
[0.4375, -0.3125, 0.3125]
[0.4375, -0.3125, 0.3125]
[-0.625, -0.375, -0.1875]
[-0.625, -0.375, -0.1875]
[-0.625, -0.375, -0.1875]
[-0.9375, -0.25, -0.375]
[-0.875, -0.375, 0.1875]
[-0.875, -0.375, 0.1875]
[-0.875, -0.375, 0.1875]
[0.4375, 0.375, 0.0625]
[-0.75, -0.5625, -0.0625]
[-0.75, -0.5625, -0.0625]
[-0.625, -0.875, -0.4375]
[-0.625, -0.875, -0.4375]
[0.375, -0.4375, -0.4375]
[0.125, -0.375, -0.5]
[0.125, -0.375, -0.5]
[0.125, -0.375, -0.5]
[-0.0625, -0.625, -0.25]
[-0.0625, -0.625, -0.25]
[0.4375, -0.4375, -0.0625]
[0.4375, -0.4375, -0.0625]
[-0.25, -0.5, -0.375]
[-0.25, -0.5, -0.375]
[-0.25, -0.375, -0.625]
[-0.25, -0.375, -0.625]
[-0.25, -0.375, -0.625]
[-0.0625, -0.125, -0.3125]
[-0.0625, -0.125, -0.3125]
[-0.25, -0.1875, -0.125]
[-0.25, -0.1875, -0.125]
[-0.3125, 0.25, -0.125]
[-0.3125, 0.25, -0.125]
[-0.25, 0.5, -0.375]
[-0.5, 0.0, -0.5]
[-0.5, 0.0, -0.5]
[-0.5, 0.0, -0.5]
[-0.6875, 0.0, -0.4375]
[-0.6875, 0.0, -0.4375]
[0.0625, 0.1875, -0.5]
[0.0625, 0.1875, -0.5]
[0.0625, 0.1875, -0.5]
[-0.3125, 0.4375, -0.6875]
[-0.3125, 0.4375, -0.6875]
[-0.3125, 0.4375, -0.6875]
[-0.75, 0.5, -0.75]
[-0.75, 0.5, -0.75]
[-0.5, 0.5625, -0.75]
[-0.5, 0.5625, -0.75]
[-0.5, 0.5625, -0.75]
[-0.5, 0.5625, -0.75]
[-0.8125, 0.875, -0.5625]
[-0.8125, 0.8125, -0.5625]
[-0.8125, 0.8125, -0.5625]
[-0.9375, 0.4375, -0.6875]
[-0.9375, 0.4375, -0.6875]
[-0.4375, 0.25, -0.5625]
[-0.4375, 0.25, -0.5625]
[-0.4375, 0.3125, -0.375]
[-0.4375, 0.3125, -0.375]
[-1.0, 0.3125, -0.3125]
[-1.0, 0.3125, -0.3125]
[-1.0, 0.3125, -0.3125]
[-0.6875, 0.625, -0.1875]
[-1.0, 0.625, -0.1875]
[-1.0, 0.625, -0.1875]
[-1.0, 0.625, -0.1875]
[-1.0, 0.625, -0.1875]
[-1.0625, 0.375, 0.0625]
[-1.0625, 0.375, 0.0625]
[-1.5, 0.25, 0.125]
[-1.5, 0.25, 0.125]
[-1.125, 0.0, -0.25]
[-1.125, 0.0, -0.25]
[-1.0, -0.5625, -0.625]
[-1.0, -0.5625, -0.625]
[-1.125, -0.8125, -1.0]
[-1.125, -0.8125, -1.0]
[-1.0, -1.0, -1.125]
[-1.0, -1.0, -1.125]
[0.1875, -0.75, -1.0]
[0.375, -0.5625, -0.625]
[0.375, -0.5625, -0.625]
[0.375, -0.5625, -0.625]
[0.125, -0.625, -0.75]
[0.125, -0.625, -0.75]
[0.75, -0.125, -0.625]
[0.6875, -0.0625, -0.5]
[0.6875, -0.0625, -0.5]
[0.6875, -0.0625, -0.5]
[-0.3125, -0.1875, -0.75]
[-0.3125, -0.1875, -0.75]
[0.0625, -0.0625, -0.375]
[0.125, -0.125, -0.5625]
[0.125, -0.125, -0.5625]
[0.125, -0.125, -0.5625]
[0.25, -0.0625, -0.25]
[0.25, -0.0625, -0.25]
[-0.875, 0.125, -0.75]
[-0.6875, 0.5, -0.625]
[-0.6875, 0.5, -0.625]
[-0.875, 0.25, 0.0625]
[-0.875, 0.25, 0.0625]
[-0.875, 0.25, 0.0625]
[0.625, 0.4375, 0.3125]
[0.125, 0.125, 0.0625]
[0.125, 0.125, 0.0625]
[-0.875, -0.25, -0.5625]
[-0.875, -0.25, -0.5625]
[-0.5, 0.1875, -0.375]
[-0.5, 0.1875, -0.375]
[-0.25, 0.1875, -0.0625]
[-0.25, 0.1875, -0.0625]
[0.1875, 0.0, 0.25]
[0.1875, 0.0, 0.25]
[-0.0625, -0.1875, 0.1875]
[-0.0625, -0.1875, 0.1875]
[-0.6875, -0.1875, -0.25]
[-0.6875, -0.1875, -0.25]
[-1.1875, -0.25, -0.75]
[-1.1875, -0.25, -0.75]
[-0.5, 0.3125, -0.375]
[-0.5625, 0.4375, -0.0625]
[-0.5625, 0.4375, -0.0625]
[-0.5625, 0.4375, -0.0625]
[-1.125, 0.125, -0.3125]
[-1.125, 0.125, -0.3125]
[-0.75, 0.375, -0.4375]
[-0.75, 0.375, -0.4375]
[-0.6875, 0.3125, -0.4375]
[-0.6875, 0.3125, -0.4375]
[-0.6875, 0.0, -0.5]
[-0.6875, 0.0, -0.5]
[-0.6875, 0.0, -0.5]
[-0.75, 0.4375, -0.5625]
[-0.75, 0.4375, -0.5625]
[-1.125, 0.625, -0.4375]
[-1.125, 0.625, -0.4375]
[-1.125, 0.625, -0.4375]
[-1.125, 0.875, -0.5]
[-1.125, 0.875, -0.5]
[-1.125, 0.875, -0.5]
[-0.5625, 0.6875, -0.375]
[-0.75, 0.75, -0.25]
[-0.75, 0.75, -0.25]
[-0.6875, 0.75, -0.25]
[-0.6875, 0.75, -0.25]
[-0.875, 0.875, -0.1875]
[-0.875, 0.875, -0.1875]
[-0.875, 0.625, -0.5]
[-0.875, 0.625, -0.5]
[-0.4375, 0.4375, -0.125]
[-0.4375, 0.4375, -0.125]
[-0.4375, 0.4375, -0.125]
[-0.75, 0.4375, -0.125]
[-0.75, 0.4375, -0.125]
[-0.75, 0.4375, -0.125]
[-0.9375, 0.75, -0.125]
[-0.9375, 0.75, -0.125]
[-1.25, 0.6875, -0.25]
[-1.25, 0.6875, -0.25]
[-0.875, 0.4375, -0.1875]
[-0.875, 0.4375, -0.1875]
[-0.875, 0.4375, -0.1875]
[-0.8125, 0.3125, -0.3125]
[-0.8125, 0.3125, -0.3125]
[-0.6875, 0.3125, -0.375]
[-0.6875, 0.3125, -0.375]
[-0.6875, 0.3125, -0.375]
[-0.4375, 0.25, -0.1875]
[-0.4375, 0.25, -0.1875]
[-0.5625, 0.0625, -0.4375]
[-0.6875, 0.375, -0.375]
[-0.6875, 0.375, -0.375]
[-0.6875, 0.5625, -0.4375]
[-0.6875, 0.5625, -0.4375]
[-0.6875, 0.6875, -0.5]
[-0.6875, 0.6875, -0.5]
[-0.6875, 0.6875, -0.5]
[-0.75, 0.8125, -0.625]
[-0.75, 0.8125, -0.625]
[-1.0625, 0.6875, -0.4375]
[-1.0625, 0.6875, -0.4375]
[-1.0625, 0.6875, -0.4375]
[-0.9375, 0.75, -0.3125]
[-1.25, 0.75, -0.375]
[-1.25, 0.75, -0.375]
[-1.25, 0.75, -0.375]
[-1.0, 0.8125, -0.3125]
[-0.875, 0.875, -0.1875]
[-0.875, 0.875, -0.1875]
[-0.9375, 0.6875, -0.1875]
[-0.9375, 0.6875, -0.1875]
[-0.9375, 0.6875, -0.1875]
[-0.875, 0.5625, -0.1875]
[-0.875, 0.5, -0.625]
[-0.875, 0.5, -0.625]
[-0.9375, 0.4375, -0.625]
[-0.9375, 0.4375, -0.625]
[-1.375, 0.25, -0.625]
[-1.375, 0.25, -0.625]
[-1.0, 0.1875, -0.125]
[-1.0, 0.1875, -0.125]
[0.0625, 0.5625, 0.4375]
[0.0625, 0.5625, 0.4375]
[-0.375, 0.4375, 0.3125]
[-0.375, 0.4375, 0.3125]
[-1.1875, 0.0625, -0.25]
[-1.1875, 0.0625, -0.25]
[-1.1875, 0.0625, -0.25]
[-0.8125, -0.25, -0.5625]
[-0.8125, -0.25, -0.5625]
[-0.1875, -0.125, -0.1875]
[-0.1875, -0.125, -0.1875]
[0.125, -0.0625, 0.125]
[-0.125, -0.0625, 0.125]
[-0.125, -0.0625, 0.125]
[-0.125, -0.0625, 0.125]
[-0.0625, -0.25, -0.375]
[-0.25, 0.0625, -0.25]
[-0.25, 0.0625, -0.25]
[-0.375, 0.0, -0.3125]
[-0.0625, 0.4375, 0.1875]
[-0.0625, 0.4375, 0.1875]
[-0.75, 0.5, -0.0625]
[-0.75, 0.5, -0.0625]
[-0.5625, 0.1875, -0.1875]
[-0.5625, 0.1875, -0.1875]
[-0.625, -0.25, -0.4375]
[-0.625, -0.25, -0.4375]
[0.5625, -0.125, 0.4375]
[0.5625, -0.125, 0.4375]
[0.0, 0.125, 0.3125]
[0.0, 0.125, 0.3125]
[-0.4375, 0.0, -0.125]
[-0.4375, 0.0, -0.125]
[-0.8125, -0.125, -0.5]
[-0.8125, -0.125, -0.5]
[-1.125, 0.125, -0.4375]
[-1.125, 0.125, -0.4375]
[-1.1875, 0.3125, -0.25]
[-1.1875, 0.3125, -0.25]
[-0.875, 0.3125, 0.1875]
[-0.875, 0.3125, 0.1875]
[-1.25, 0.4375, 0.1875]
[-1.25, 0.4375, 0.1875]
[-1.25, 0.4375, 0.1875]
[-0.75, 0.375, 0.0]
[-0.75, 0.375, 0.0]
[-0.75, 0.375, 0.0]
[-0.9375, -0.25, -0.25]
[-0.9375, -0.25, -0.25]
[-0.9375, -0.25, -0.25]
[-0.9375, -0.25, -0.25]
[-0.3125, -0.3125, -0.1875]
[0.0, -1.0, -0.0625]
[0.0, -1.0, -0.0625]
[0.5625, -1.125, -0.1875]
[0.5625, -1.125, -0.1875]
[0.625, -1.25, -0.125]
[0.625, -1.25, -0.125]
[0.9375, -1.6875, -0.0625]
[0.9375, -1.6875, -0.0625]
[2.625, -4.125, 0.1875]
[2.625, -4.125, 0.1875]
[4.5, -6.5, -0.5]
[4.5, -6.5, -0.5]
[4.875, -5.9375, -1.0625]
[4.875, -5.9375, -1.0625]
[3.875, -2.875, -1.3125]
[3.875, -2.875, -1.3125]
[0.0, 0.0625, -1.5625]
[0.0, 0.0625, -1.5625]
[-0.8125, 0.75, -1.625]
[-0.8125, 0.75, -1.625]
[-0.125, 1.25, -0.875]
[-0.125, 1.25, -0.875]
[-1.0, 1.25, 0.0625]
[-1.0, 1.25, 0.0625]
[-2.0, 2.0, 0.625]
[-2.0, 2.0, 0.625]
[-2.25, 1.875, 0.1875]
[-2.25, 1.875, 0.1875]
[-2.4375, 1.0, -0.375]
[-2.4375, 1.0, -0.375]
[-1.625, 0.4375, -0.5]
[-1.625, 0.4375, -0.5]
[-0.8125, -0.25, -0.5625]
[-0.8125, -0.25, -0.5625]
[-0.5, -0.4375, -0.625]
[-0.5, -0.4375, -0.625]
[-0.25, -0.5625, -0.6875]
[-0.25, -0.5625, -0.6875]
[0.25, -0.75, -0.4375]
[0.25, -0.75, -0.4375]
[0.375, -0.875, -0.125]
[0.375, -0.875, -0.125]
[0.25, -0.8125, 0.1875]
[0.25, -0.8125, 0.1875]
[0.625, -0.375, -0.25]
[0.625, -0.375, -0.25]
[0.1875, -0.375, -0.125]
[-0.875, -0.5, -0.9375]
[-0.875, -0.5, -0.9375]
[-0.875, -0.5, -0.9375]
[-0.75, -0.5625, -0.625]
[-0.75, -0.5625, -0.625]
[-0.375, -0.8125, 0.0]
[-0.3125, -0.625, 0.0625]
[-0.3125, -0.625, 0.0625]
[-0.3125, -0.625, 0.0625]
[-0.25, -0.4375, -0.25]
[-0.25, -0.4375, -0.25]
[-0.9375, -0.4375, -0.4375]
[-0.5, -0.6875, -0.25]
[-0.5, -0.6875, -0.25]
[-0.5, -0.6875, -0.25]
[-0.3125, -0.375, -0.25]
[-0.3125, -0.375, -0.25]
[0.25, -0.25, 0.25]
[0.25, -0.25, 0.25]
[-0.0625, -0.1875, 0.0]
[-0.0625, -0.1875, 0.0]
[-0.3125, -0.625, -0.125]
[0.1875, -0.625, -0.0625]
[0.1875, -0.625, -0.0625]
[0.1875, -0.625, -0.0625]
[0.3125, -0.3125, 0.125]
[0.3125, -0.3125, 0.125]
[-0.5625, -0.3125, -0.125]
[-0.5625, -0.3125, -0.125]
[-0.8125, -0.375, -0.3125]
[-0.8125, -0.375, -0.3125]
[-0.8125, -0.375, -0.3125]
[-0.375, -0.0625, -0.3125]
[-0.375, -0.0625, -0.3125]
[-0.375, 0.0, -0.25]
[-0.375, 0.0, -0.25]
[-0.375, 0.0, -0.25]
[-0.5625, 0.0625, -0.25]
[-0.125, 0.1875, -0.3125]
[-0.125, 0.1875, -0.3125]
[-0.125, 0.1875, -0.3125]
[-0.125, 0.1875, -0.3125]
[-0.5, 0.25, -0.5]
[0.125, 0.375, -0.0625]
[0.125, 0.375, -0.0625]
[0.125, 0.375, -0.0625]
[-0.0625, 0.375, -0.0625]
[-0.0625, 0.375, -0.0625]
[0.125, 0.3125, 0.0625]
[0.125, 0.3125, 0.0625]
[-0.3125, 0.5, -0.375]
[-0.5, 0.5, -0.3125]
[-0.5, 0.5, -0.3125]
[-0.375, 0.625, -0.3125]
[-0.375, 0.625, -0.3125]
[-0.8125, 0.6875, -0.3125]
[-0.8125, 0.6875, -0.3125]
[-0.8125, 0.6875, -0.3125]
[-1.375, 0.8125, -0.3125]
[-1.375, 0.8125, -0.3125]
[-1.375, 0.8125, -0.3125]
[-1.375, 0.8125, -0.3125]
[-1.0, 0.8125, -0.4375]
[-1.0, 0.8125, -0.4375]
[-1.4375, 0.75, -0.5625]
[-1.4375, 0.75, -0.5625]
[-1.5625, 0.8125, -0.4375]
[-1.0625, 0.875, -0.5625]
[-1.0625, 0.875, -0.5625]
[-1.3125, 0.5, -0.5]
[-1.3125, 0.5, -0.5]
[-1.1875, 0.5, -0.4375]
[-1.1875, 0.5, -0.4375]
[-0.5, 0.625, -0.5625]
[-0.5, 0.625, -0.5625]
[-0.8125, 0.1875, -0.125]
[-0.8125, 0.1875, -0.125]
[-0.5625, 0.5, 0.0625]
[-0.4375, 0.5, -0.125]
[-0.4375, 0.5, -0.125]
[-0.5, 0.3125, -0.375]
[-0.5, 0.3125, -0.375]
[-0.5, 0.3125, -0.375]
[-0.25, 0.5, -0.4375]
[-0.5, 0.75, -0.375]
[-0.5, 0.75, -0.375]
[-0.5, 0.75, -0.375]
[-0.5, 0.75, -0.375]
[-0.625, 0.9375, -0.6875]
[-1.1875, 0.6875, -0.75]
[-1.1875, 0.6875, -0.75]
[-1.375, 0.625, -0.9375]
[-0.9375, 0.5625, -0.6875]
[-0.9375, 0.5625, -0.6875]
[-1.0, 0.5625, -0.4375]
[-1.0, 0.5625, -0.4375]
[-1.25, 0.75, -0.5625]
[-1.25, 0.75, -0.5625]
[-1.25, 0.75, -0.5625]
[-0.3125, 1.125, -0.125]
[-0.3125, 1.125, -0.125]
[-0.3125, 1.125, -0.125]
[-1.0, 0.3125, -0.5]
[-1.0, 0.3125, -0.5]
[-0.5625, 0.0, -0.375]
[-0.5625, 0.0, -0.375]
[-0.5625, 0.0, -0.375]
[0.5, 0.125, -0.125]
[0.125, 0.125, 0.0]
[0.125, 0.125, 0.0]
[-0.3125, -0.125, -0.375]
[-0.3125, -0.125, -0.375]
[0.25, -0.0625, -0.375]
[0.8125, 0.125, -0.0625]
[0.8125, 0.125, -0.0625]
[1.0, 0.0625, 0.25]
[1.0, 0.0625, 0.25]
[1.0, 0.0625, 0.25]
[-0.25, -0.3125, -0.0625]
[-0.25, -0.3125, -0.0625]
[-0.5625, -0.25, -0.375]
[-0.5625, -0.25, -0.375]
[-0.3125, -0.125, -0.4375]
[-0.25, 0.125, 0.0]
[-0.25, 0.125, 0.0]
[-0.25, 0.125, 0.0]
[-0.625, 0.375, 0.125]
[-0.5, 0.4375, -0.125]
[-0.5, 0.4375, -0.125]
[-0.8125, 0.3125, -0.625]
[-0.8125, 0.3125, -0.625]
[-0.8125, 0.3125, -0.625]
[-0.5625, 0.25, -0.4375]
[-0.5625, 0.25, -0.4375]
[-0.125, 0.5, -0.0625]
[-0.125, 0.5, -0.0625]
[-0.125, 0.5, -0.0625]
[-0.125, 0.5, -0.0625]
[-0.1875, 0.4375, -0.25]
[-0.4375, 0.6875, -0.5625]
[-0.4375, 0.6875, -0.5625]
[-0.9375, 1.0, -0.5625]
[-0.9375, 1.0, -0.5625]
[-0.9375, 1.0, -0.5625]
[-0.9375, 1.1875, -0.3125]
[-0.9375, 1.1875, -0.3125]
[-1.375, 1.0, -0.25]
[-1.375, 1.0, -0.25]
[-1.125, 0.9375, -0.125]
[-1.125, 0.9375, -0.125]
[-1.125, 0.9375, -0.125]
[-0.875, 0.5625, -0.1875]
[-0.875, 0.5625, -0.1875]
[-0.6875, 0.6875, -0.25]
[-0.6875, 0.6875, -0.25]
[-0.625, 0.5625, -0.4375]
[-0.625, 0.5625, -0.4375]
[-0.8125, 0.375, -0.3125]
[-0.8125, 0.375, -0.3125]
[-0.4375, 0.0, -0.1875]
[-0.4375, 0.0, -0.1875]
[-0.4375, 0.0, -0.1875]
[-0.0625, 0.0625, -0.25]
[-0.4375, 0.25, -0.125]
[-0.4375, 0.25, -0.125]
[-0.4375, 0.25, -0.125]
[-0.9375, 0.5, -0.375]
[-0.9375, 0.5, -0.375]
[-1.125, 0.625, -0.4375]
[-0.625, 0.1875, -0.375]
[-0.625, 0.1875, -0.375]
[-0.25, 0.3125, -0.1875]
[-0.25, 0.3125, -0.1875]
[-0.25, 0.3125, -0.1875]
[-0.125, 0.3125, 0.0]
[-0.125, 0.3125, 0.0]
[-0.4375, 0.5625, -0.25]
[-0.4375, 0.5625, -0.25]
[-0.5625, 0.1875, -0.6875]
[-0.5625, 0.1875, -0.6875]
[-0.0625, -0.1875, -0.5625]
[-0.0625, -0.1875, -0.5625]
[-0.0625, -0.1875, -0.5625]
[0.0, 0.0, -0.0625]
[0.0, 0.0, -0.0625]
[0.0, 0.0, -0.0625]
[-0.3125, 0.25, -0.0625]
[-0.25, 0.3125, -0.3125]
[-0.25, 0.3125, -0.3125]
[-0.75, -0.125, -0.4375]
[-0.75, -0.125, -0.4375]
[-0.75, -0.125, -0.4375]
[-0.125, 0.1875, 0.1875]
[-0.125, 0.1875, 0.1875]
[-0.125, 0.1875, 0.1875]
[-0.625, 0.25, -0.0625]
[-0.625, 0.25, -0.0625]
[-0.25, 0.3125, -0.1875]
[-0.625, 0.0, -0.4375]
[-0.625, 0.0, -0.4375]
[-0.6875, 0.1875, -0.1875]
[-0.6875, 0.1875, -0.1875]
[-0.6875, 0.1875, -0.1875]
[-0.1875, 0.25, -0.25]
[-0.6875, 0.25, 0.0]
[-0.6875, 0.25, 0.0]
[-0.6875, 0.25, 0.0]
[-0.6875, 0.25, 0.0]
[-0.625, 0.375, -0.3125]
[-1.625, 0.4375, -0.75]
[-1.625, 0.4375, -0.75]
[-1.625, 0.4375, -0.75]
[-1.5, 0.3125, -0.75]
[-1.5, 0.3125, -0.75]
[-1.3125, 0.125, -0.25]
[-1.3125, 0.125, -0.25]
[-0.0625, 0.5625, 0.125]
[-0.0625, 0.5625, 0.125]
[0.1875, 0.375, 0.0625]
[0.1875, 0.375, 0.0625]
[0.1875, 0.375, 0.0625]
[0.1875, 0.375, 0.0625]
[-0.5625, 0.0, -0.625]
[-0.5625, 0.0, -0.625]
[0.125, 0.0625, -0.1875]
[0.125, 0.0625, -0.1875]
[0.125, 0.0625, -0.1875]
[0.125, 0.0625, -0.1875]
[0.0, 0.0625, 0.0]
[0.0, 0.0625, 0.0]
[-0.5, 0.0625, -0.375]
[-0.625, -0.0625, -0.4375]
[-0.625, -0.0625, -0.4375]
[-0.625, -0.0625, -0.4375]
[-0.125, 0.25, -0.1875]
[-0.125, 0.25, -0.1875]
[-0.25, 0.4375, 0.25]
[-0.375, 0.125, -0.125]
[-0.375, 0.125, -0.125]
[-0.375, 0.125, -0.125]
[-0.375, 0.125, -0.125]
[-0.5, -0.0625, -0.625]
[-0.5, -0.0625, -0.625]
[-0.25, 0.0625, -0.375]
[-0.25, 0.0625, -0.375]
[-0.25, 0.0625, -0.375]
[-0.25, 0.0625, -0.375]
[-0.5, -0.125, -0.375]
[-0.5, -0.125, -0.375]
[-0.5, -0.125, -0.375]
[-0.375, 0.0625, -0.4375]
[-0.375, 0.0625, -0.4375]
[-1.25, 0.375, -0.4375]
[-1.25, 0.375, -0.4375]
[-1.25, 0.375, -0.4375]
[-1.1875, 0.5, -0.3125]
[-1.1875, 0.5, -0.3125]
[-1.1875, 0.5, -0.3125]
[-1.1875, 0.5, -0.3125]
[-0.75, 0.3125, 0.125]
[-0.75, 0.3125, 0.125]
[-0.75, 0.3125, 0.125]
[-0.875, 0.375, -1.0]
[-0.875, 0.375, -1.0]
[-0.875, 0.375, -1.0]
[-0.875, 0.375, -1.0]
[-0.875, 0.25, -0.375]
[-0.875, 0.25, -0.375]
[-0.875, 0.25, -0.375]
[-0.6875, 0.0625, -0.1875]
[-0.6875, 0.0625, -0.1875]
[-0.6875, 0.0625, -0.1875]
[-0.6875, 0.0625, -0.1875]
[-0.6875, 0.0625, -0.1875]
[-0.6875, 0.0625, -0.1875]
[0.25, -0.5625, 0.0625]
[0.25, -0.5625, 0.0625]
[0.25, -0.5625, 0.0625]
[0.5625, -0.5625, -0.0625]
[0.5625, -0.5625, -0.0625]
[0.625, -0.5, -0.1875]
[0.625, -0.5, -0.1875]
[0.625, -0.5, -0.1875]
[0.625, -0.5, -0.1875]
[0.625, -0.5, -0.1875]
[-0.3125, -0.5, -0.5625]
[-0.3125, -0.5, -0.5625]
[-0.3125, -0.5, -0.5625]
[-0.3125, -0.5, -0.5625]
[-0.3125, -0.5, -0.5625]
[0.25, -1.5625, 0.0625]
[0.25, -1.5625, 0.0625]
[0.4375, -1.5, 0.3125]
[0.4375, -1.5, 0.3125]
[0.4375, -1.5, 0.3125]
[0.4375, -1.5, 0.3125]
[0.8125, -1.375, 0.5625]
[0.8125, -1.375, 0.5625]
[1.1875, -0.9375, 0.75]
[1.1875, -0.9375, 0.75]
[1.1875, -0.9375, 0.75]
[1.1875, -0.9375, 0.75]
[1.1875, -0.9375, 0.75]
[0.9375, -1.25, 0.3125]
[0.9375, -1.25, 0.3125]
[0.9375, -1.25, 0.3125]
[0.5625, -1.25, 0.0]
[0.5625, -1.25, 0.0]
[-0.3125, -0.625, -0.1875]
[-0.3125, -0.625, -0.1875]
[-0.4375, -0.25, -0.1875]
[-0.4375, -0.25, -0.1875]
[-0.4375, -0.25, -0.1875]
[-0.4375, -0.25, -0.1875]
[-0.4375, -0.25, -0.1875]
[-1.1875, -0.125, -0.0625]
[-1.1875, -0.125, -0.0625]
[-0.875, 0.1875, -0.0625]
[-0.875, 0.1875, -0.0625]
[-0.875, 0.1875, -0.0625]
[-1.125, 0.1875, -0.375]
[-1.125, 0.1875, -0.375]
[-1.6875, -0.0625, -0.8125]
[-1.6875, -0.0625, -0.8125]
[-1.6875, -0.0625, -0.8125]
[-1.6875, -0.0625, -0.8125]
[-1.3125, 0.1875, 0.0]
[-1.3125, 0.1875, 0.0]
[-0.125, 1.125, -0.25]
[-0.125, 1.125, -0.25]
[-0.125, 1.125, -0.25]
[-0.125, 1.125, -0.25]
[-1.125, 0.375, -0.75]
[-1.125, 0.375, -0.75]
[-0.125, 0.1875, -0.5]
[-0.125, 0.1875, -0.5]
[-0.125, 0.1875, -0.5]
[-0.0625, 0.4375, 0.0625]
[-0.0625, 0.4375, 0.0625]
[-0.0625, 0.4375, 0.0625]
[-0.3125, 0.5625, 0.0]
[-0.3125, 0.5625, 0.0]
[-0.3125, 0.5625, 0.0]
[-0.3125, 0.5625, 0.0]
[-0.9375, 0.125, -0.1875]
[-0.9375, 0.125, -0.1875]
[-0.75, 0.1875, 0.125]
[-0.75, 0.1875, 0.125]
[-0.75, 0.1875, 0.125]
[-1.0625, 0.3125, -0.6875]
[-1.0625, 0.3125, -0.6875]
[-1.5, 0.25, -0.75]
[-1.5, 0.25, -0.75]
[-1.5, 0.25, -0.75]
[-1.5, 0.25, -0.75]
[-1.5, 0.25, -0.75]
[-1.5, 0.25, -0.75]
[-0.5625, 0.3125, -0.5625]
[-1.0, -0.125, -0.5625]
[-1.0, -0.125, -0.5625]
[-1.0, -0.125, -0.5625]
[-0.9375, 0.0, -0.875]
[-0.9375, 0.0, -0.875]
[-1.0625, -0.1875, -1.125]
[-1.0625, -0.1875, -1.125]
[-1.0625, -0.1875, -1.125]
[-1.0625, -0.1875, -1.125]
[-0.3125, -0.0625, -0.6875]
[-0.3125, -0.0625, -0.6875]
[-0.9375, -0.3125, -0.3125]
[-0.9375, -0.3125, -0.3125]
[-0.9375, -0.3125, -0.3125]
[-0.9375, -0.3125, -0.3125]
[-0.9375, -0.3125, -0.3125]
[-1.1875, 0.0625, -1.25]
[-1.1875, 0.0625, -1.25]
[-1.9375, 0.3125, -1.375]
[-1.9375, 0.3125, -1.375]
[-1.9375, 0.3125, -1.375]
[-2.0625, 1.5, -0.875]
[-1.4375, 1.4375, -0.375]
[-1.4375, 1.4375, -0.375]
[-1.4375, 1.4375, -0.375]
[-1.4375, 1.4375, -0.375]
[-1.4375, 1.4375, -0.375]
[-1.3125, 1.25, -0.3125]
[-1.3125, 1.25, -0.3125]
[-1.125, 1.125, -0.1875]
[-1.125, 1.125, -0.1875]
[-1.125, 1.125, -0.1875]
[-1.5, 0.9375, -0.5]
[-1.5, 0.9375, -0.5]
[-1.5, 0.9375, -0.5]
[-1.5, 0.75, -0.5]
[-1.5, 0.75, -0.5]
[-1.5, 0.75, -0.5]
[-1.125, 1.1875, -0.125]
[-1.125, 1.1875, -0.125]
[-1.5, 1.1875, -0.3125]
[-1.5, 1.1875, -0.3125]
[-1.5, 1.1875, -0.3125]
[-1.5, 1.1875, -0.3125]
[-0.875, 1.0625, -0.375]
[-0.875, 1.0625, -0.375]
[-0.625, 0.875, -0.375]
[-0.625, 0.875, -0.375]
[-0.625, 0.875, -0.375]
[-0.625, 0.875, -0.375]
[-0.9375, 0.625, -0.4375]
[-0.9375, 0.625, -0.4375]
[-0.8125, 0.75, -0.5]
[-0.8125, 0.75, -0.5]
[-0.8125, 0.75, -0.5]
[-0.8125, 0.75, -0.5]
[-0.9375, 0.6875, -0.625]
[-0.9375, 0.6875, -0.625]
[-0.9375, 0.6875, -0.625]
[-0.8125, 0.75, -0.5]
[-0.8125, 0.75, -0.5]
[-0.8125, 0.75, -0.5]
[-0.8125, 0.8125, -0.3125]
[-0.8125, 0.8125, -0.3125]
[-0.875, 0.5625, -0.375]
[-0.875, 0.5625, -0.375]
[-0.875, 0.5625, -0.375]
[-0.875, 0.5625, -0.375]
[-1.125, -0.25, -1.0]
[-1.125, -0.25, -1.0]
[-1.0, -0.4375, -1.0625]
[-1.0, -0.4375, -1.0625]
[-1.0, -0.4375, -1.0625]
[-1.0, -0.4375, -1.0625]
[-1.375, -0.25, -0.75]
[-1.375, -0.25, -0.75]
[-1.375, -0.25, -0.75]
[-1.375, -0.25, -0.75]
[-1.375, -0.25, -0.75]
[0.5625, 0.25, 0.1875]
[0.5625, 0.25, 0.1875]
[0.0625, 0.1875, -0.25]
[0.0625, 0.1875, -0.25]
[0.0625, 0.1875, -0.25]
[0.0625, 0.1875, -0.25]
[0.0625, 0.1875, -0.25]
[-0.5625, 0.1875, -0.625]
[-0.5625, 0.1875, -0.625]
[-0.1875, 0.6875, 0.0]
[-0.1875, 0.6875, 0.0]
[-0.1875, 0.6875, 0.0]
[-1.0, 1.0625, 0.0]
[-1.0, 1.0625, 0.0]
[-1.6875, 0.6875, -0.1875]
[-1.6875, 0.6875, -0.1875]
[-1.6875, 0.6875, -0.1875]
[-1.6875, 0.6875, -0.1875]
[-1.6875, 0.6875, -0.1875]
[-0.75, 0.6875, -0.25]
[-0.75, 0.6875, -0.25]
[-0.75, 0.6875, -0.25]
[-0.75, 0.6875, -0.25]
[-0.75, 0.6875, -0.25]
[-1.5625, 0.25, -1.1875]
[-1.5625, 0.25, -1.1875]
[-1.5625, 0.25, -1.1875]
[-0.875, 0.375, -0.875]
[-0.875, 0.375, -0.875]
[-0.875, 0.375, -0.875]
[-0.875, 0.375, -0.875]
[-0.875, 0.375, -0.875]
[-0.625, 0.5625, -0.5]
[-0.625, 0.5625, -0.5]
[-0.625, 0.5625, -0.5]
[-0.625, 0.5625, -0.5]
[-1.0625, 0.0, -0.625]
[-1.0625, 0.0, -0.625]
[-0.75, 0.4375, -0.25]
[-0.75, 0.4375, -0.25]
[-0.75, 0.4375, -0.25]
[-0.75, 0.4375, -0.25]
[-0.75, 0.4375, -0.25]
[-0.1875, 0.5, 0.375]
[-0.1875, 0.5, 0.375]
[-0.1875, 0.5, 0.375]
[0.0, 0.375, 0.3125]
[0.0, 0.375, 0.3125]
[0.0, 0.375, 0.3125]
[-0.9375, 0.625, -0.5]
[-0.9375, 0.625, -0.5]
[-1.375, 0.625, -0.5]
[-1.375, 0.625, -0.5]
[-0.875, 0.125, -0.5]
[-0.4375, -0.125, -0.3125]
[-0.4375, -0.125, -0.3125]
[-0.3125, -0.1875, -0.3125]
[-0.3125, -0.1875, -0.3125]
[-0.3125, -0.1875, -0.3125]
[-0.1875, 0.0625, -0.25]
[-0.375, -0.0625, -0.375]
[-0.375, -0.0625, -0.375]
[-0.375, -0.0625, -0.375]
[-0.75, -0.625, -0.5]
[-0.75, -0.625, -0.5]
[-0.5, -0.8125, -0.5625]
[-0.5, -0.8125, -0.5625]
[0.125, -0.8125, -0.4375]
[-0.4375, -0.6875, -0.25]
[-0.4375, -0.6875, -0.25]
[-0.3125, -0.1875, -0.1875]
[-0.3125, -0.1875, -0.1875]
[-0.375, 0.125, -0.125]
[-0.375, 0.125, -0.125]
[-0.25, -0.125, -0.1875]
[-0.25, -0.125, -0.1875]
[0.0, -0.125, -0.1875]
[-0.5, 0.3125, -0.1875]
[-0.5, 0.3125, -0.1875]
[-0.5, 0.3125, -0.1875]
[-0.5625, 0.125, -0.125]
[-0.5625, 0.125, -0.125]
[-0.5625, 0.625, -0.125]
[-0.625, 0.875, -0.0625]
[-0.625, 0.875, -0.0625]
[-0.625, 0.875, -0.0625]
[-1.1875, 0.9375, -0.3125]
[-1.1875, 0.9375, -0.3125]
[-1.625, 0.875, -0.375]
[-1.1875, 0.625, -0.25]
[-1.1875, 0.625, -0.25]
[-0.75, 0.375, -0.5]
[-0.75, 0.375, -0.5]
[-0.625, 0.3125, -0.375]
[-0.625, 0.3125, -0.375]
[-0.25, 0.0625, -0.25]
[-0.25, 0.0625, -0.25]
[-0.0625, 0.0, -0.4375]
[-0.0625, 0.0, -0.4375]
[0.0, -0.3125, -0.5625]
[0.0, -0.3125, -0.5625]
[-0.5, -0.625, -0.625]
[-0.5, -0.625, -0.625]
[0.1875, -0.875, -0.5]
[0.1875, -0.875, -0.5]
[0.1875, -0.875, -0.5]
[0.3125, -1.125, -0.375]
[0.75, -1.0625, -0.0625]
[0.75, -1.0625, -0.0625]
[0.75, -1.0625, -0.0625]
[-0.1875, -0.75, -0.5]
[-0.3125, -1.0, -0.5]
[-0.3125, -1.0, -0.5]
[0.25, -1.25, 0.125]
[0.25, -1.25, 0.125]
[0.25, -1.25, 0.125]
[1.9375, -0.75, 0.3125]
[1.9375, -0.75, 0.3125]
[0.5625, -1.125, 0.4375]
[0.3125, -1.25, -0.125]
[0.3125, -1.25, -0.125]
[1.0, -1.125, -0.3125]
[1.0, -1.125, -0.3125]
[1.3125, -0.5625, 0.375]
[0.9375, -0.8125, 0.5]
[0.9375, -0.8125, 0.5]
[0.9375, -0.8125, 0.5]
[0.9375, -1.0625, 0.4375]
[0.9375, -1.0625, 0.4375]
[0.8125, -1.0625, -0.0625]
[0.125, -0.9375, -0.25]
[0.125, -0.9375, -0.25]
[0.125, -0.9375, -0.25]
[-0.1875, -0.6875, -0.0625]
[-0.1875, -0.6875, -0.0625]
[-0.0625, -0.375, 0.375]
[-0.0625, -0.375, 0.375]
[-0.1875, -0.5, -0.0625]
[-0.1875, -0.5, -0.0625]
[-0.5625, -0.8125, -0.5]
[-0.5625, -0.8125, -0.5]
[-0.0625, -0.625, -0.4375]
[-0.0625, -0.625, -0.4375]
[0.0, -0.5625, -0.25]
[-0.375, -0.5, -0.1875]
[-0.375, -0.5, -0.1875]
[-0.1875, -0.5625, -0.4375]
[-0.1875, -0.5625, -0.4375]
[-0.1875, -0.5625, -0.4375]
[-0.0625, -0.3125, -0.375]
[-0.25, -0.3125, -0.25]
[-0.25, -0.3125, -0.25]
[-0.3125, -0.5, -0.1875]
[-0.3125, -0.5, -0.1875]
[-0.3125, -0.5, -0.1875]
[-0.25, -0.4375, -0.375]
[-0.1875, -0.1875, 0.0625]
[-0.1875, -0.1875, 0.0625]
[-0.125, -0.0625, 0.0625]
[-0.125, -0.0625, 0.0625]
[-0.125, -0.0625, 0.0625]
[-0.25, -0.25, 0.25]
[0.25, -0.125, 0.0625]
[0.25, -0.125, 0.0625]
[-0.3125, -0.25, -0.0625]
[-0.3125, -0.25, -0.0625]
[-0.25, -0.125, 0.0625]
[-0.25, -0.125, 0.0625]
[-0.1875, -0.375, -0.0625]
[-0.1875, -0.375, -0.0625]
[0.25, -0.375, -0.0625]
[0.25, -0.375, -0.0625]
[0.25, -0.375, -0.0625]
[-0.25, -0.5625, -0.1875]
[-0.6875, -0.25, -0.125]
[-0.6875, -0.25, -0.125]
[-0.6875, -0.25, -0.125]
[-0.125, 0.0, -0.3125]
[-0.125, 0.0, -0.3125]
[-0.1875, -0.0625, -0.1875]
[-0.6875, -0.3125, -0.3125]
[-0.6875, -0.3125, -0.3125]
[-0.8125, 0.0, -0.3125]
[-0.8125, 0.0, -0.3125]
[-0.5625, 0.0, -0.375]
[-0.5625, 0.0, -0.375]
[-0.8125, -0.375, -0.4375]
[-0.8125, -0.375, -0.4375]
[-0.875, -0.25, -0.5]
[-0.875, -0.25, -0.5]
[-0.6875, -0.0625, -0.4375]
[-0.6875, -0.0625, -0.4375]
[-1.0, 0.0625, -0.5625]
[-1.0, 0.0625, -0.5625]
[-0.625, 0.125, -0.5]
[-0.625, 0.125, -0.5]
[-0.625, 0.125, -0.5]
[-0.875, 0.3125, -0.375]
[-1.3125, 0.3125, -0.1875]
[-1.3125, 0.3125, -0.1875]
[-0.9375, 0.625, -0.125]
[-0.9375, 0.625, -0.125]
[-0.9375, 0.5625, -0.3125]
[-1.0625, 0.5625, -0.5]
[-1.0625, 0.5625, -0.5]
[-1.0625, 0.5625, -0.5]
[-1.0, 0.625, -0.5625]
[-1.0, 0.625, -0.5625]
[-1.0, 0.625, -0.5625]
[-0.75, 0.8125, -0.4375]
[-0.6875, 0.75, -0.375]
[-0.6875, 0.75, -0.375]
[-1.0625, 0.625, -0.4375]
[-1.0625, 0.625, -0.4375]
[-1.1875, 0.5625, -0.1875]
[-1.25, 0.625, -0.625]
[-1.25, 0.625, -0.625]
[-1.25, 0.625, -0.625]
[-0.5, 0.6875, -0.4375]
[-0.5, 0.6875, -0.4375]
[-2.125, 0.4375, -0.875]
[-2.125, 0.4375, -0.875]
[-2.0625, 0.4375, -1.1875]
[-1.25, 0.25, -0.625]
[-1.25, 0.25, -0.625]
[-1.25, 0.25, -0.625]
[-0.3125, 0.25, -0.1875]
[-0.3125, 0.25, -0.1875]
[-0.75, 0.0625, 0.1875]
[-0.75, 0.0625, 0.1875]
[-0.25, 0.25, -0.125]
[-0.25, 0.25, -0.125]
[0.0625, 0.3125, -0.1875]
[0.0625, 0.3125, -0.1875]
[0.0625, 0.3125, -0.1875]
[-0.125, 0.625, 0.125]
[-0.125, 0.625, 0.125]
[-0.125, 0.75, 0.125]
[-0.125, 0.75, 0.125]
[-0.125, 0.75, 0.125]
[-0.125, 0.75, 0.125]
[-0.9375, 0.5, -0.6875]
[-1.75, 0.625, -0.9375]
[-1.75, 0.625, -0.9375]
[-1.375, 0.75, -0.75]
[-1.375, 0.75, -0.75]
[-1.1875, 0.625, -0.375]
[-0.625, 0.625, -0.5625]
[-0.625, 0.625, -0.5625]
[-0.625, 0.625, -0.5625]
[-0.75, 0.125, -0.3125]
[-0.75, 0.125, -0.3125]
[-0.125, 0.3125, -0.25]
[0.0625, 0.1875, -0.3125]
[0.0625, 0.1875, -0.3125]
[0.0625, 0.1875, -0.3125]
[-0.25, -0.25, -0.4375]
[-0.25, -0.25, -0.4375]
[-0.125, -0.5, -0.5625]
[0.0625, -0.6875, -0.25]
[0.0625, -0.6875, -0.25]
[0.0625, -0.3125, -0.1875]
[0.0625, -0.3125, -0.1875]
[0.0625, -0.3125, -0.1875]
[-0.125, 0.0625, -0.1875]
[-0.125, 0.0625, -0.1875]
[-0.5, 0.125, -0.25]
[-0.5, 0.125, -0.25]
[-0.375, 0.0625, -0.1875]
[-0.1875, 0.0, -0.1875]
[-0.1875, 0.0, -0.1875]
[-0.8125, 0.5, -0.0625]
[-0.8125, 0.5, -0.0625]
[-0.9375, 1.0, -0.3125]
[-0.9375, 1.0, -0.3125]
[-1.125, 1.125, -0.5]
[-1.125, 1.125, -0.5]
[-1.0, 1.1875, -0.4375]
[-1.0, 1.1875, -0.4375]
[-1.4375, 0.8125, -0.375]
[-1.4375, 0.8125, -0.375]
[-1.0625, 0.5625, -0.4375]
[-1.0625, 0.5625, -0.4375]
[-0.875, 0.8125, -0.6875]
[-0.875, 0.8125, -0.6875]
[-1.375, 0.8125, -0.1875]
[-1.375, 0.8125, -0.1875]
[-1.375, 0.8125, -0.1875]
[-1.25, 0.625, -0.3125]
[-1.25, 0.625, -0.3125]
[-1.0625, 0.625, -0.3125]
[-1.0625, 0.625, -0.3125]
[-1.0625, 0.625, -0.3125]
[-1.1875, 0.625, -0.3125]
[-0.9375, 0.1875, -0.3125]
[-0.9375, 0.1875, -0.3125]
[-0.5, 0.5, -0.3125]
[-0.5, 0.5, -0.3125]
[-0.5, 0.5, -0.3125]
[-0.5625, 0.375, -0.1875]
[-0.5625, 0.375, -0.1875]
[-0.5625, 0.375, -0.25]
[-0.5625, 0.375, -0.25]
[-0.0625, 0.1875, -0.1875]
[-0.1875, -0.0625, -0.1875]
[-0.1875, -0.0625, -0.1875]
[-0.3125, 0.0625, -0.125]
[-0.3125, 0.0625, -0.125]
[-0.3125, 0.0625, -0.125]
[-0.625, 0.125, -0.125]
[-0.625, 0.125, -0.125]
[-0.6875, 0.0, -0.3125]
[-0.9375, -0.25, -0.4375]
[-0.9375, -0.25, -0.4375]
[-0.3125, -0.375, -0.1875]
[-0.3125, -0.375, -0.1875]
[-0.3125, -0.375, -0.1875]
[-0.5, -0.375, -0.0625]
[-0.3125, -0.125, 0.0]
[-0.3125, -0.125, 0.0]
[-0.3125, -0.125, 0.0]
[-0.4375, 0.375, -0.25]
[-0.5, 0.0, -0.4375]
[-0.375, -0.0625, -0.4375]
[-0.375, -0.0625, -0.4375]
[-0.375, -0.0625, -0.4375]
[-0.4375, 0.0625, -0.375]
[-0.4375, 0.0625, -0.375]
[-0.4375, 0.0625, -0.375]
[-0.5625, -0.125, -0.25]
[-0.5625, -0.125, -0.25]
[-1.0, 0.0625, -0.625]
[-0.5625, 0.4375, -0.1875]
[-0.5625, 0.4375, -0.1875]
[-1.3125, 0.5, -0.5]
[-1.3125, 0.5, -0.5]
[-1.3125, 0.5, -0.5]
[-1.3125, 0.1875, -0.5625]
[-0.8125, -0.0625, 0.0625]
[-0.8125, -0.0625, 0.0625]
[0.375, 0.375, 0.0]
[0.375, 0.375, 0.0]
[-1.0625, -0.125, -0.4375]
[-0.875, -0.3125, -0.75]
[-0.875, -0.3125, -0.75]
[-0.875, -0.3125, -0.75]
[0.25, -0.5625, -0.6875]
[0.25, -0.5625, -0.6875]
[0.25, -0.5625, -0.6875]
[0.5625, -0.375, -0.0625]
[0.1875, 0.25, 0.3125]
[0.1875, 0.25, 0.3125]
[0.1875, 0.25, 0.3125]
[0.1875, 0.25, 0.3125]
[-0.3125, 0.0, -0.1875]
[-0.3125, 0.0, -0.1875]
[-0.625, -0.125, -0.375]
[-0.375, 0.375, -0.1875]
[-0.375, 0.375, -0.1875]
[-0.375, 0.375, -0.1875]
[-0.625, 0.6875, -0.0625]
[-0.875, 0.4375, -0.1875]
[-0.875, 0.4375, -0.1875]
[-0.75, 0.3125, -0.5625]
[-0.75, 0.3125, -0.5625]
[-0.75, 0.3125, -0.5625]
[-0.625, 0.5625, -0.3125]
[-0.625, 0.5625, -0.3125]
[-0.75, 0.8125, -0.375]
[-0.75, 0.8125, -0.375]
[-0.9375, 0.625, -0.4375]
[-0.9375, 0.625, -0.4375]
[-0.9375, 0.625, -0.4375]
[-0.3125, -0.25, -0.3125]
[-0.3125, -0.25, -0.3125]
[0.25, 0.25, -0.0625]
[0.25, 0.25, -0.0625]
[-0.6875, -0.125, -0.25]
[-0.6875, -0.125, -0.25]
[-0.625, -0.375, -0.375]
[-0.625, -0.375, -0.375]
[-0.5625, -0.3125, -0.25]
[-0.5625, -0.3125, -0.25]
[-0.9375, -0.4375, -0.5]
[-0.9375, -0.4375, -0.5]
[-1.3125, -0.625, -0.1875]
[-0.125, -0.0625, 0.0]
[-0.125, -0.0625, 0.0]
[-0.125, -0.0625, 0.0]
[-0.3125, -0.25, -0.0625]
[-0.125, -0.3125, -0.0625]
[-0.125, -0.3125, -0.0625]
[-0.125, -0.5, -0.25]
[-0.125, -0.5, -0.25]
[-0.125, -0.5, -0.25]
[-0.4375, -0.5, -0.5625]
[-0.4375, -0.5, -0.5625]
[0.125, -0.375, -0.4375]
[0.125, -0.375, -0.4375]
[-0.1875, -0.25, -0.5]
[-0.1875, -0.25, -0.5]
[-0.1875, -0.25, -0.5]
[-0.6875, 0.5, 0.0625]
[-0.6875, 0.5, 0.0625]
[0.875, 0.625, 0.25]
[0.875, 0.625, 0.25]
[0.875, 0.625, 0.25]
[-0.375, -0.1875, 0.3125]
[-0.4375, -0.3125, 0.0]
[-0.4375, -0.3125, 0.0]
[-0.4375, -0.3125, 0.0]
[-0.5, 0.25, -0.25]
[-0.25, 0.375, -0.25]
[-0.25, 0.375, -0.25]
[-0.75, -0.0625, -0.5625]
[-0.75, -0.0625, -0.5625]
[-0.3125, 0.125, -0.4375]
[-0.3125, 0.125, -0.4375]
[0.0625, 0.25, -0.3125]
[0.0625, 0.25, -0.3125]
[-0.5, 0.0, -0.5625]
[-0.5, 0.0, -0.5625]
[-0.1875, 0.125, -0.6875]
[-0.1875, 0.125, -0.6875]
[-0.25, 0.125, -0.3125]
[-0.25, 0.125, -0.3125]
[-0.375, -0.3125, -0.3125]
[-0.375, -0.3125, -0.3125]
[0.25, -0.4375, -0.375]
[0.25, -0.4375, -0.375]
[0.1875, -0.3125, 0.125]
[0.1875, -0.3125, 0.125]
[-0.375, -0.375, 0.0]
[-0.0625, -0.1875, -0.125]
[-0.0625, -0.1875, -0.125]
[0.3125, -0.25, 0.125]
[0.3125, -0.25, 0.125]
[0.3125, -0.25, 0.125]
[0.125, -0.5625, 0.0625]
[0.125, -0.5625, 0.0625]
[-0.0625, -0.375, 0.0625]
[-0.0625, -0.375, 0.0625]
[-0.0625, -0.375, 0.0625]
[-0.125, -0.5, -0.3125]
[-0.125, -0.5, -0.3125]
[-0.5, -0.8125, -0.25]
[-0.5, -0.8125, -0.25]
[0.0625, -1.0625, -0.4375]
[0.0625, -1.0625, -0.4375]
[0.0625, -1.0625, -0.4375]
[0.0625, -1.0625, -0.4375]
[0.3125, -0.5, -0.125]
[0.3125, -0.5, -0.125]
[0.3125, -0.5, -0.125]
[-0.9375, -0.4375, -0.4375]
[-0.9375, -0.4375, -0.4375]
[-0.3125, -0.5625, -0.3125]
[0.4375, -0.5, -0.125]
[0.4375, -0.5, -0.125]
[0.8125, -0.3125, -0.1875]
[0.8125, -0.3125, -0.1875]
[0.1875, -0.4375, -0.5]
[0.1875, -0.4375, -0.5]
[0.125, -0.375, -0.5]
[0.125, -0.375, -0.5]
[0.6875, -0.4375, -0.875]
[0.6875, -0.4375, -0.875]
[0.125, -0.6875, -1.0]
[0.375, -0.625, 0.0625]
[0.375, -0.625, 0.0625]
[0.75, -0.5625, 0.125]
[0.75, -0.5625, 0.125]
[0.75, -0.5625, 0.125]
[0.125, -0.75, 0.125]
[0.1875, -0.3125, 0.0625]
[0.1875, -0.3125, 0.0625]
[-0.125, -0.1875, 0.25]
[-0.125, -0.1875, 0.25]
[-0.5, -0.0625, 0.0]
[-0.5, -0.0625, 0.0]
[-0.9375, -0.125, -0.5625]
[-0.9375, -0.125, -0.5625]
[-1.0625, 0.375, -0.4375]
[-1.0625, 0.375, -0.4375]
[-1.0, 0.4375, -0.125]
[-1.0, 0.4375, -0.125]
[-1.0625, 0.0625, -0.1875]
[-1.0625, 0.0625, -0.1875]
[-0.6875, 0.125, -0.25]
[-0.6875, 0.125, -0.25]
[-0.3125, 0.375, -0.3125]
[-0.875, 0.375, -0.4375]
[-0.875, 0.375, -0.4375]
[-0.875, 0.375, -0.4375]
[-1.4375, 0.1875, -0.8125]
[-1.4375, 0.1875, -0.8125]
[-0.875, 0.375, -1.0]
[0.125, 0.0625, -0.6875]
[0.125, 0.0625, -0.6875]
[0.125, 0.0625, -0.6875]
[-0.6875, 0.0625, -0.5625]
[-0.6875, 0.0625, -0.5625]
[-0.625, 0.125, -0.75]
[-0.0625, 0.1875, -0.875]
[-0.0625, 0.1875, -0.875]
[-0.375, 0.625, -0.75]
[-0.375, 0.625, -0.75]
[-0.375, 0.625, -0.75]
[-0.625, 0.375, -0.6875]
[-0.625, 0.375, -0.6875]
[0.0625, 0.625, 0.0]
[-0.1875, 0.4375, 0.125]
[-0.1875, 0.4375, 0.125]
[-0.875, 0.5625, 0.125]
[-0.875, 0.5625, 0.125]
[-0.875, 0.5625, 0.125]
[-0.75, 0.5, -0.25]
[-0.75, 0.5, -0.25]
[-1.375, 0.4375, -0.4375]
[-1.375, 0.4375, -0.4375]
[-1.6875, 0.625, -0.5625]
[-1.6875, 0.625, -0.5625]
[-1.3125, 0.75, -0.3125]
[-1.0, 0.5625, -0.25]
[-1.0, 0.5625, -0.25]
[-0.9375, 0.75, -0.25]
[-0.9375, 0.75, -0.25]
[-1.0, 0.625, -0.3125]
[-1.0, 0.625, -0.3125]
[-1.125, 0.625, -0.5625]
[-1.125, 0.625, -0.5625]
[-0.9375, 0.5, -0.5625]
[-0.9375, 0.5, -0.5625]
[-0.875, 0.5, -0.625]
[-0.5, 0.375, -0.5]
[-0.5, 0.375, -0.5]
[-0.5, 0.375, -0.5]
[-0.5625, 0.4375, -0.4375]
[-0.5625, 0.4375, -0.4375]
[-0.5625, 0.4375, -0.4375]
[-0.5625, 0.25, -0.5625]
[-0.625, 0.25, -0.75]
[-0.625, 0.25, -0.75]
[-0.9375, 0.375, -0.875]
[-0.9375, 0.375, -0.875]
[-1.4375, 0.1875, -0.625]
[-1.4375, 0.1875, -0.625]
[-0.5625, 0.625, -0.1875]
[-0.5625, 0.625, -0.1875]
[-0.3125, 0.5625, 0.125]
[-0.3125, 0.5625, 0.125]
[-0.3125, 0.5625, 0.125]
[0.0, 0.3125, -0.3125]
[0.0, 0.3125, -0.3125]
[-0.125, 0.1875, -0.375]
[-0.125, 0.1875, -0.375]
[-0.125, 0.1875, -0.375]
[-0.0625, 0.0625, -0.125]
[-0.5625, -0.0625, -0.125]
[-0.5625, -0.0625, -0.125]
[-0.5625, -0.0625, -0.125]
[0.3125, 0.0, -0.1875]
[0.3125, 0.0, -0.1875]
[-0.6875, 0.1875, -0.1875]
[-1.125, 0.1875, -0.6875]
[-1.125, 0.1875, -0.6875]
[-1.125, 0.1875, -0.6875]
[-0.9375, 0.0625, -0.375]
[-0.9375, 0.0625, -0.375]
[-0.9375, 0.0625, -0.375]
[-0.375, 0.3125, 0.0625]
[-0.375, 0.3125, 0.0625]
[-0.8125, -0.1875, -0.625]
[-0.8125, -0.1875, -0.625]
[-1.0, -0.125, -0.9375]
[-1.0, -0.125, -0.9375]
[-0.6875, -0.125, -0.625]
[-0.6875, -0.125, -0.625]
[-0.6875, -0.125, -0.625]
[-0.125, 0.25, 0.0]
[-0.125, 0.25, 0.0]
[-0.125, 0.25, 0.0]
[-1.0, 0.375, -0.1875]
[-1.0, 0.375, -0.1875]
[-1.75, 0.3125, -0.375]
[-1.75, 0.3125, -0.375]
[-1.25, 0.75, -0.4375]
[-0.875, 1.0625, 0.0]
[-0.875, 1.0625, 0.0]
[-0.875, 1.0625, 0.0]
[-1.375, 0.75, 0.25]
[-1.375, 0.75, 0.25]
[-1.375, 0.625, -0.25]
[-0.875, 0.5, -0.5]
[-0.875, 0.5, -0.5]
[-0.875, 0.5, -0.5]
[-1.1875, 0.375, -0.5625]
[-1.1875, 0.375, -0.5625]
[-0.9375, 0.375, -0.5]
[-0.9375, 0.375, -0.5]
[0.0, 0.0625, 0.0]
[0.0, 0.0, 0.0625]
[0.0, 0.0, 0.0625]
[0.0, 0.0, 0.0625]
[0.0, 0.125, 0.1875]
[0.0, 0.125, 0.1875]
[0.0, 0.125, 0.1875]
[0.125, 0.1875, 0.0625]
[0.0, 0.3125, 0.1875]
[0.0, 0.3125, 0.1875]
[0.3125, 0.4375, 0.125]
[0.3125, 0.4375, 0.125]
[0.0625, 0.375, 0.25]
[-0.3125, 0.4375, 0.0]
[-0.3125, 0.4375, 0.0]
[-0.3125, 0.5625, -0.3125]
[-0.3125, 0.5625, -0.3125]
[-0.3125, 0.5625, -0.3125]
[-0.375, 0.75, -0.4375]
[-1.125, 0.875, -0.25]
[-1.125, 0.875, -0.25]
[-0.5, 0.875, -0.125]
[-0.5, 0.875, -0.125]
[-0.5, 0.875, -0.125]
[-0.125, 0.3125, -0.375]
[-0.25, 0.3125, -0.125]
[-0.25, 0.3125, -0.125]
[-0.25, 0.3125, -0.125]
[0.125, 0.6875, -0.1875]
[0.125, 0.6875, -0.1875]
[-0.125, 0.4375, -0.375]
[-0.125, 0.4375, -0.375]
[0.0, 0.0, -0.4375]
[0.0, -0.375, 0.0]
[0.0, -0.375, 0.0]
[0.5, -0.0625, 0.375]
[0.5, -0.0625, 0.375]
[0.5, -0.0625, 0.375]
[0.1875, 0.25, 0.3125]
[0.1875, 0.25, 0.3125]
[-0.1875, 0.0625, 0.0]
[-0.1875, 0.0625, 0.0]
[-0.4375, -0.625, -0.25]
[-0.4375, -0.625, -0.25]
[-0.4375, -0.625, -0.25]
[0.625, -0.8125, -0.0625]
[0.625, -0.8125, -0.0625]
[0.625, -0.8125, -0.0625]
[0.8125, -0.75, 0.125]
[0.0625, -0.6875, 0.1875]
[0.0625, -0.6875, 0.1875]
[0.0625, -0.6875, 0.1875]
[0.5, -0.25, 0.4375]
[0.5, -0.25, 0.4375]
[1.125, -0.5625, 0.5]
[1.125, -1.0, 0.625]
[1.0, -0.9375, 0.625]
[1.0, -0.9375, 0.625]
[1.0625, -0.75, 0.3125]
[0.1875, -0.625, -0.125]
[0.1875, -0.625, -0.125]
[0.1875, -0.625, -0.125]
[-0.1875, -0.625, -0.25]
[-0.1875, -0.625, -0.25]
[0.375, -0.5, -0.125]
[0.5, -0.125, 0.0625]
[0.5, -0.125, 0.0625]
[0.125, 0.0625, 0.125]
[0.125, 0.0625, 0.125]
[0.125, 0.0625, 0.125]
[0.0, 0.3125, 0.0625]
[-0.375, 0.375, -0.375]
[-0.375, 0.375, -0.375]
[0.0, 0.125, -0.25]
[0.0, 0.125, -0.25]
[-0.5625, -0.3125, -0.3125]
[-0.5625, -0.3125, -0.3125]
[0.0, 0.0, -0.25]
[0.0, 0.0, -0.25]
[-0.3125, 0.3125, 0.0625]
[-0.3125, 0.3125, 0.0625]
[-0.9375, 0.25, -0.4375]
[-0.9375, 0.25, -0.4375]
[-0.8125, 0.125, -0.1875]
[-0.8125, 0.125, -0.1875]
[0.4375, 0.25, 0.375]
[0.4375, 0.25, 0.375]
[0.5625, 0.375, 0.5625]
[-0.1875, -0.125, -0.1875]
[-0.1875, -0.125, -0.1875]
[-0.1875, -0.125, -0.1875]
[-0.125, -0.5625, -0.3125]
[-0.125, -0.5625, -0.3125]
[1.0, -0.5625, 0.0625]
[1.125, -0.3125, 0.4375]
[1.125, -0.3125, 0.4375]
[1.125, -0.3125, 0.4375]
[0.5625, -0.625, 0.5]
[0.5625, -0.625, 0.5]
[0.5, -0.875, 0.3125]
[0.5, -0.9375, 0.0625]
[0.5, -0.9375, 0.0625]
[0.5625, -0.875, 0.0]
[0.5625, -0.875, 0.0]
[0.5625, -0.875, 0.0]
[1.0625, -0.8125, 0.3125]
[0.9375, -0.25, 0.3125]
[0.9375, -0.25, 0.3125]
[0.25, -0.4375, -0.1875]
[0.25, -0.4375, -0.1875]
[0.4375, -0.5, -0.4375]
[0.4375, -0.5, -0.4375]
[0.4375, -0.5625, -0.25]
[0.4375, -0.5625, -0.25]
[0.1875, -0.5625, 0.125]
[0.1875, -0.5625, 0.125]
[0.0625, -0.5625, -0.0625]
[0.0625, -0.5625, -0.0625]
[0.125, -0.5625, -0.4375]
[0.125, -0.5625, -0.4375]
[0.3125, -0.125, -0.25]
[0.3125, -0.125, -0.25]
[-0.125, 0.125, -0.1875]
[-0.125, 0.125, -0.1875]
[-0.1875, 0.375, 0.0625]
[-0.1875, 0.375, 0.0625]
[0.25, 0.1875, 0.1875]
[0.25, 0.1875, 0.1875]
[0.8125, -0.375, 0.5]
[0.8125, -0.375, 0.5]
[1.0, -0.75, 0.25]
[1.0, -0.75, 0.25]
[1.1875, -1.0, 0.0625]
[1.1875, -1.0, 0.0625]
[1.0625, -1.1875, -0.1875]
[0.75, -0.875, -0.1875]
[0.75, -0.875, -0.1875]
[0.75, -0.875, -0.1875]
[1.5, -0.5, -0.0625]
[1.5, -0.5, -0.0625]
[1.5, -0.5, -0.0625]
[1.125, -0.875, 0.0625]
[1.125, -0.875, 0.0625]
[1.125, -0.875, 0.0625]
[1.125, -1.1875, -0.3125]
[1.125, -1.1875, -0.3125]
[1.125, -1.1875, -0.3125]
[1.5, -1.0, -0.1875]
[1.5, -1.0, -0.1875]
[1.5, -1.0, -0.1875]
[0.875, -0.9375, 0.375]
[0.875, -0.9375, 0.375]
[0.875, -0.9375, 0.375]
[1.0625, -1.0625, 0.125]
[1.0625, -1.0625, 0.125]
[1.0625, -1.0625, 0.125]
[1.0625, -1.0625, 0.125]
[1.0625, -1.0625, 0.125]
[1.0625, -0.9375, 0.5]
[1.0625, -0.9375, 0.5]
[1.0625, -0.9375, 0.5]
[0.8125, -1.25, 0.5]
[0.8125, -1.25, 0.5]
[0.8125, -1.25, 0.5]
[1.0, -1.25, 0.5]
[1.0, -1.25, 0.5]
[1.0, -1.25, 0.5]
[0.75, -1.3125, 0.4375]
[0.75, -1.3125, 0.4375]
[0.75, -1.3125, 0.4375]
[0.3125, -1.4375, 0.0]
[0.3125, -1.4375, 0.0]
[0.3125, -1.4375, 0.0]
[0.3125, -1.4375, 0.0]
[0.625, -1.0625, 0.0625]
[0.625, -1.0625, 0.0625]
[0.625, -1.0625, 0.0625]
[0.625, -1.0625, 0.0625]
[0.625, -1.0625, 0.0625]
[0.625, -1.0625, 0.0625]
[0.0, -0.875, 0.25]
[0.0, -0.875, 0.25]
[0.0625, -0.875, 0.0]
[0.0625, -0.875, 0.0]
[0.0625, -0.875, 0.0]
[0.0625, -0.875, 0.0]
[0.0625, -0.75, 0.125]
[0.0625, -0.75, 0.125]
[0.0625, -0.75, 0.125]
[0.0625, -0.75, 0.125]
[0.0625, -0.75, 0.125]
[0.0625, -0.75, 0.125]
[-0.1875, -0.25, 0.0625]
[-0.1875, -0.25, 0.0625]
[-0.5, -0.25, 0.0625]
[-0.5, -0.25, 0.0625]
[-0.5, -0.25, 0.0625]
[-0.5, -0.25, 0.0625]
[-0.0625, -0.0625, 0.0]
[-0.0625, -0.0625, 0.0]
[-1.0, -0.0625, -0.625]
[-1.0, -0.0625, -0.625]
[-1.0, -0.0625, -0.625]
[-0.25, -0.1875, -0.125]
[-0.25, -0.1875, -0.125]
[0.0625, 0.0625, -0.1875]
[0.0625, 0.0625, -0.1875]
[0.0625, 0.0625, -0.1875]
[0.0625, 0.0625, -0.1875]
[0.0625, 0.0625, -0.1875]
[-0.625, -0.1875, -0.625]
[-0.625, -0.1875, -0.625]
[-0.625, -0.1875, -0.625]
[-0.625, -0.1875, -0.625]
[-0.625, -0.1875, -0.625]
[-0.625, -0.1875, -0.625]
[1.1875, 0.5, 1.0]
[1.1875, 0.5, 1.0]
[0.6875, 0.4375, 0.3125]
[0.6875, 0.4375, 0.3125]
[0.6875, 0.4375, 0.3125]
[0.6875, 0.4375, 0.3125]
[0.6875, 0.4375, 0.3125]
[0.6875, 0.4375, 0.3125]
[0.8125, 0.5, 0.25]
[0.8125, 0.5, 0.25]
[0.8125, 0.5, 0.25]
[-1.0, 0.8125, -0.25]
[-1.0, 0.8125, -0.25]
[-1.0, 0.5, -0.75]
[-1.0, 0.5, -0.75]
[-1.0, 0.5, -0.75]
[-1.0, 0.5, -0.75]
[-1.0, 0.5, -0.75]
[-1.0, 0.5, -0.75]
[-0.375, 0.875, -0.3125]
[-0.375, 0.875, -0.3125]
[-0.375, 0.875, -0.3125]
[-0.375, 0.875, -0.3125]
[-0.5, 0.8125, -0.5]
[-0.5, 0.8125, -0.5]
[-0.1875, 0.9375, -0.5]
[-0.1875, 0.9375, -0.5]
[-0.1875, 0.9375, -0.5]
[-0.1875, 0.9375, -0.5]
[-0.1875, 1.1875, -0.125]
[-0.1875, 1.1875, -0.125]
[-0.1875, 1.1875, -0.125]
[-0.5625, 0.9375, -0.1875]
[-0.5625, 0.9375, -0.1875]
[-0.5625, 0.9375, -0.1875]
[-1.9375, 0.8125, 0.1875]
[-0.5625, 1.375, 0.25]
[-0.5625, 1.375, 0.25]
[-0.5625, 1.375, 0.25]
[-0.5625, 1.375, 0.25]
[-0.5625, 0.625, -0.0625]
[-0.5625, 0.625, -0.0625]
[-0.5625, 0.625, -0.0625]
[-0.75, 0.6875, -0.1875]
[-0.75, 0.6875, -0.1875]
[-0.75, 0.6875, -0.1875]
[-0.75, 0.6875, -0.1875]
[-0.75, 0.6875, -0.1875]
[0.3125, -0.3125, -0.25]
[0.3125, -0.3125, -0.25]
[0.3125, -0.3125, -0.25]
[0.3125, -0.3125, -0.25]
[0.5, -0.25, -0.125]
[0.5, -0.25, -0.125]
[0.0625, -0.4375, 0.0]
[0.0625, -0.4375, 0.0]
[0.0625, -0.4375, 0.0]
[0.0625, -0.4375, 0.0]
[0.5625, 0.0, 0.375]
[0.5625, 0.0, 0.375]
[0.5625, 0.0, 0.375]
[-0.625, -0.3125, 0.5625]
[-0.625, -0.3125, 0.5625]
[-0.375, -0.3125, 0.25]
[-0.375, -0.3125, 0.25]
[-0.375, -0.3125, 0.25]
[-0.375, -0.0625, -0.0625]
[-0.375, -0.0625, -0.0625]
[-0.375, -0.0625, -0.0625]
[-0.25, 0.0, -0.25]
[-0.25, 0.0, -0.25]
[-0.25, -0.0625, 0.0]
[-0.25, -0.0625, 0.0]
[-0.25, -0.0625, 0.0]
[-0.25, -0.0625, 0.0]
[0.1875, 0.0625, 0.0]
[0.1875, 0.0625, 0.0]
[-0.0625, 0.1875, 0.0]
[-0.0625, 0.1875, 0.0]
[-0.0625, 0.1875, 0.0]
[-0.0625, 0.1875, 0.0]
[0.25, 0.25, -0.25]
[0.25, 0.25, -0.25]
[-0.125, -0.0625, -0.125]
[-0.125, -0.0625, -0.125]
[-0.125, -0.0625, -0.125]
[-0.125, -0.0625, -0.125]
[-0.0625, 0.75, 0.1875]
[-0.0625, 0.75, 0.1875]
[-0.125, 0.5625, 0.25]
[-0.125, 0.5625, 0.25]
[-0.125, 0.5625, 0.25]
[-0.125, 0.5625, 0.25]
[0.4375, -0.1875, 0.0]
[0.4375, -0.1875, 0.0]
[-0.125, -0.375, 0.125]
[-0.125, -0.375, 0.125]
[-0.125, -0.375, 0.125]
[-0.125, -0.375, 0.125]
[-0.125, -0.375, 0.125]
[-1.875, -0.4375, -0.375]
[-1.875, -0.4375, -0.375]
[1.125, -0.125, 0.1875]
[1.125, -0.125, 0.1875]
[1.125, -0.125, 0.1875]
[0.5, -0.625, 0.3125]
[0.5, -0.625, 0.3125]
[0.625, -0.25, -0.1875]
[0.625, -0.25, -0.1875]
[0.625, -0.25, -0.1875]
[0.625, -0.25, -0.1875]
[0.3125, 0.0625, 0.3125]
[0.3125, 0.0625, 0.3125]
[-0.1875, 0.375, 0.375]
[-0.1875, 0.375, 0.375]
[-0.1875, 0.375, 0.375]
[-0.1875, 0.375, 0.375]
[-1.125, 1.0, 0.125]
[-1.125, 1.0, 0.125]
[-1.125, 0.4375, -0.0625]
[-1.125, 0.4375, -0.0625]
[-1.125, 0.4375, -0.0625]
[-1.125, 0.4375, -0.0625]
[0.125, 0.0, 0.875]
[0.125, 0.0, 0.875]
[-0.6875, -0.5625, 0.25]
[-0.6875, -0.5625, 0.25]
[-0.6875, -0.5625, 0.25]
[-0.6875, -0.5625, 0.25]
[0.25, -0.0625, -0.0625]
[-0.375, -0.1875, 0.0]
[-0.375, -0.1875, 0.0]
[-0.375, -0.1875, 0.0]
[0.5625, -0.0625, 0.25]
[0.5625, -0.0625, 0.25]
[0.75, -0.125, 0.4375]
[0.75, -0.125, 0.4375]
[0.125, -0.125, 0.375]
[0.0625, 0.0625, 0.25]
[0.0625, 0.0625, 0.25]
[0.0, 0.1875, -0.0625]
[0.0, 0.1875, -0.0625]
[0.0, 0.375, -0.0625]
[0.0, 0.375, -0.0625]
[0.1875, 0.625, -0.0625]
[-0.1875, 0.5, 0.0625]
[-0.1875, 0.5, 0.0625]
[-0.1875, 0.5, 0.0625]
[-0.9375, 0.6875, 0.0]
[-0.9375, 0.6875, 0.0]
[-0.8125, 0.375, 0.0]
[-0.0625, 0.3125, 0.0625]
[-0.0625, 0.3125, 0.0625]
[-0.0625, 0.3125, 0.0625]
[-0.125, 0.0, 0.0625]
[-0.125, 0.0, 0.0625]
[-0.5, 0.25, 0.25]
[-0.5, 0.25, 0.25]
[-0.6875, 0.5625, 0.25]
[-0.6875, 0.5625, 0.25]
[-1.0, 0.375, 0.125]
[-1.0, 0.375, 0.125]
[-1.0, 0.125, 0.125]
[-1.0, 0.125, 0.125]
[-1.0, 0.125, 0.125]
[-0.6875, 0.0625, 0.3125]
[-0.9375, 0.25, 0.375]
[-0.9375, 0.25, 0.375]
[-1.5, 1.0625, 0.4375]
[-1.5, 1.0625, 0.4375]
[-2.0625, 1.625, 0.5]
[-2.0625, 1.625, 0.5]
[-2.0625, 1.625, 0.5]
[-2.0, 0.9375, 0.5625]
[-2.0, 0.9375, 0.5625]
[-1.6875, 0.375, 0.125]
[-1.6875, 0.375, 0.125]
[-1.6875, 0.375, 0.125]
[-1.125, -0.3125, 1.125]
[-0.0625, -0.875, 0.5625]
[-0.0625, -0.875, 0.5625]
[-0.0625, -0.875, 0.5625]
[0.4375, -1.375, 0.375]
[0.625, -1.5625, 0.1875]
[0.625, -1.5625, 0.1875]
[0.625, -1.5625, 0.1875]
[0.75, -1.25, 0.3125]
[0.875, -0.875, 0.25]
[0.875, -0.875, 0.25]
[1.0625, -0.75, 0.1875]
[1.0625, -0.75, 0.1875]
[0.9375, -0.9375, 0.1875]
[0.9375, -0.9375, 0.1875]
[0.9375, -0.9375, 0.1875]
[0.625, -1.0625, 0.375]
[1.3125, -0.625, 0.625]
[1.3125, -0.625, 0.625]
[1.25, -0.75, 0.75]
[1.25, -0.75, 0.75]
[0.5625, -1.0, 0.625]
[0.5, -1.0625, 0.5625]
[0.5, -1.0625, 0.5625]
[0.5, -1.0625, 0.5625]
[0.6875, -1.4375, 0.375]
[0.6875, -1.4375, 0.375]
[0.5625, -1.375, 0.75]
[0.5625, -1.375, 0.75]
[0.875, -1.0, 1.5625]
[1.0625, -0.6875, 1.6875]
[1.0625, -0.6875, 1.6875]
[0.0, -0.375, 1.75]
[0.0, -0.375, 1.75]
[-0.3125, -0.5625, 1.25]
[-0.3125, -0.5625, 1.25]
[0.625, -0.5, 1.25]
[0.625, -0.5, 1.25]
[0.625, -0.5, 1.25]
[0.125, -0.3125, 0.3125]
[0.125, -0.3125, 0.3125]
[0.125, -0.3125, 0.3125]
[-0.375, -0.1875, 0.625]
[-0.375, -0.1875, 0.625]
[0.0625, 0.5, 0.5]
[-0.1875, 0.6875, 0.0625]
[-0.1875, 0.6875, 0.0625]
[-0.375, 1.0625, 0.0]
[-0.375, 1.0625, 0.0]
[-0.375, 1.0625, 0.0]
[-0.375, 0.75, -0.125]
[-0.375, 0.75, -0.125]
[0.0, 0.3125, -0.3125]
[0.0, 0.3125, -0.3125]
[0.1875, -0.0625, 0.25]
[0.4375, -0.8125, 0.375]
[0.4375, -0.8125, 0.375]
[0.75, -1.4375, 0.0625]
[0.75, -1.4375, 0.0625]
[0.3125, -1.9375, -0.125]
[0.3125, -1.9375, -0.125]
[0.6875, -3.25, -0.875]
[0.6875, -3.25, -0.875]
[2.375, -2.625, -0.5625]
[2.375, -2.625, -0.5625]
[2.375, -2.625, -0.5625]
[3.3125, -2.5625, 0.0]
[3.3125, -2.5625, 0.0]
[3.3125, -2.5625, 0.0]
[3.6875, -2.25, -0.0625]
[3.6875, -2.25, -0.0625]
[3.875, -2.375, 0.0]
[3.875, -2.375, 0.0]
[4.125, -2.25, 0.375]
[4.125, -2.25, 0.375]
[3.75, -1.5625, 0.25]
[3.75, -1.5625, 0.25]
[2.625, -1.8125, 0.375]
[2.625, -1.8125, 0.375]
[2.625, -1.8125, 0.375]
[2.3125, -1.4375, 0.5]
[2.3125, -1.4375, 0.5]
[1.75, -1.375, 0.25]
[0.75, -1.25, -0.0625]
[0.75, -1.25, -0.0625]
[0.1875, -1.125, -0.375]
[0.1875, -1.125, -0.375]
[-0.625, -1.0, -0.25]
[-0.1875, -0.75, 0.0625]
[-0.1875, -0.75, 0.0625]
[-0.1875, -0.75, 0.0625]
[-0.3125, -0.5, 0.0625]
[-0.3125, -0.5, 0.0625]
[-0.3125, -0.5, 0.0625]
[-0.625, -0.625, -0.125]
[-0.3125, -0.0625, -0.1875]
[-0.3125, -0.0625, -0.1875]
[-1.0, 0.0, -0.125]
[-1.0, 0.0, -0.125]
[-0.5625, 0.125, -0.0625]
[-0.1875, 0.4375, 0.125]
[-0.1875, 0.4375, 0.125]
[-0.5, 0.1875, -0.0625]
[-0.5, 0.1875, -0.0625]
[-0.6875, 0.4375, -0.4375]
[-0.6875, 0.4375, -0.4375]
[-1.4375, 0.6875, -0.375]
[-1.4375, 0.6875, -0.375]
[-1.4375, 0.6875, -0.375]
[-1.0625, 0.875, -0.375]
[-1.0625, 0.875, -0.375]
[-0.4375, 0.8125, -0.375]
[0.0625, 1.0625, -0.125]
[0.0625, 1.0625, -0.125]
[-0.3125, 0.9375, 0.0]
[-0.3125, 0.9375, 0.0]
[-0.3125, 0.9375, 0.0]
[-0.1875, 0.8125, 0.1875]
[0.125, 0.8125, 0.0625]
[0.125, 0.8125, 0.0625]
[0.0625, 0.4375, -0.1875]
[0.0625, 0.4375, -0.1875]
[0.0625, 0.625, -0.25]
[0.0625, 0.625, -0.25]
[-0.125, 0.6875, -0.375]
[-0.125, 0.6875, -0.375]
[-0.125, 0.75, -0.25]
[-0.125, 0.75, -0.25]
[-0.125, 0.75, -0.25]
[-1.125, 0.625, -0.5]
[-1.125, 0.625, -0.5]
[-1.125, 0.625, -0.5]
[-0.9375, 0.875, -0.5]
[-0.9375, 0.875, -0.5]
[-0.9375, 0.875, -0.5]
[-1.6875, 0.6875, -0.5]
[-2.375, 0.3125, -0.5625]
[-2.375, 0.3125, -0.5625]
[-1.625, 0.3125, -0.75]
[-1.625, 0.3125, -0.75]
[-1.6875, -0.0625, -0.5625]
[-1.5, -0.5, -0.0625]
[-1.5, -0.5, -0.0625]
[-1.5, -0.25, -0.3125]
[-1.5, -0.25, -0.3125]
[-0.875, -0.4375, -0.375]
[-0.875, -0.4375, -0.375]
[-0.4375, -0.3125, -0.4375]
[-0.4375, -0.3125, -0.4375]
[-0.8125, -0.3125, -0.5625]
[-0.8125, -0.3125, -0.5625]
[-0.5625, -0.125, 0.125]
[-0.5625, -0.125, 0.125]
[-0.5625, -0.125, 0.125]
[0.6875, 0.3125, 0.4375]
[0.75, 0.0625, 0.125]
[0.75, 0.0625, 0.125]
[0.75, 0.0625, 0.125]
[0.6875, 0.125, -0.5625]
[0.6875, 0.125, -0.5625]
[0.6875, 0.125, -0.5625]
[0.625, 0.125, -0.625]
[0.625, 0.125, -0.625]
[0.625, 0.125, -0.625]
[1.8125, 0.1875, -0.375]
[1.8125, 0.1875, -0.375]
[2.25, -0.5, -0.3125]
[3.0, -1.0, -0.75]
[3.0, -1.0, -0.75]
[3.0, -1.0, -0.75]
[3.0, -1.0, -0.75]
[2.875, -2.0, -1.75]
[3.0, -1.75, -1.875]
[3.0, -1.75, -1.875]
[2.625, -1.4375, -1.8125]
[2.625, -1.4375, -1.8125]
[2.625, -1.4375, -1.8125]
[2.3125, -1.125, -1.625]
[1.6875, -1.0, -1.375]
[1.6875, -1.0, -1.375]
[0.75, -0.625, -1.0]
[0.75, -0.625, -1.0]
[0.75, -0.625, -1.0]
[0.6875, -0.4375, -0.6875]
[0.6875, -0.4375, -0.6875]
[0.6875, -0.3125, -0.375]
[0.6875, -0.3125, -0.375]
[0.3125, 0.0, -0.1875]
[-0.3125, 0.0625, -0.3125]
[-0.3125, 0.0625, -0.3125]
[-0.125, 0.5, -0.8125]
[-0.125, 0.5, -0.8125]
[-0.125, 0.5, -0.8125]
[-0.375, 0.3125, -1.0625]
[-0.375, 0.3125, -1.0625]
[-0.375, 0.3125, -1.0625]
[-0.4375, 0.0, -0.875]
[0.125, 0.1875, -0.875]
[0.125, 0.1875, -0.875]
[0.5625, 0.25, -0.8125]
[0.5625, 0.0625, -1.1875]
[0.6875, 0.0625, -1.125]
[0.6875, 0.0625, -1.125]
[0.6875, 0.0625, -1.125]
[0.6875, 0.0625, -1.125]
[1.3125, 0.1875, -1.0625]
[1.3125, 0.1875, -1.0625]
[1.375, 0.1875, -0.3125]
[1.375, 0.1875, -0.3125]
[0.0, 0.875, 0.0625]
[0.0, 0.875, 0.0625]
[0.0, 0.875, 0.0625]
[-0.5625, 1.375, 0.375]
[-0.5625, 1.375, 0.375]
[-2.5, 1.625, 0.6875]
[-2.5, 1.625, 0.6875]
[-3.1875, 1.5625, 0.75]
[-3.1875, 1.5625, 0.75]
[-3.1875, 1.5625, 0.75]
[-3.3125, 0.5, 0.5]
[-3.3125, 0.5, 0.5]
[-3.4375, -0.125, 0.5]
[-3.4375, -0.125, 0.5]
[-3.4375, -0.125, 0.5]
[-3.4375, -0.125, 0.5]
[-2.625, -0.25, 0.125]
[-1.8125, 0.1875, 0.0625]
[-1.8125, 0.1875, 0.0625]
[-0.8125, 0.375, 0.3125]
[-0.8125, 0.375, 0.3125]
[-0.375, 0.5, 0.375]
[-0.0625, 0.375, 0.375]
[-0.0625, 0.375, 0.375]
[-0.0625, 0.375, 0.375]
[0.75, -0.125, 0.1875]
[0.75, -0.125, 0.1875]
[0.5, -0.875, 0.125]
[0.5, -0.875, 0.125]
[1.125, -0.875, 0.25]
[1.25, -1.25, 0.1875]
[1.25, -1.25, 0.1875]
[0.6875, -0.9375, 0.25]
[0.6875, -0.9375, 0.25]
[1.1875, -0.75, 0.1875]
[1.1875, -0.75, 0.1875]
[0.875, -0.625, 0.0]
[0.875, -0.625, 0.0]
[0.875, -0.375, -0.125]
[0.875, -0.375, -0.125]
[1.3125, -0.5625, -0.125]
[1.3125, -0.5625, -0.125]
[1.25, -0.875, -0.625]
[1.25, -0.875, -0.625]
[1.25, -0.875, -0.625]
[1.875, -0.8125, -1.3125]
[4.1875, -1.1875, -0.9375]
[4.1875, -1.1875, -0.9375]
[4.1875, -1.1875, -0.9375]
[6.625, -1.8125, -0.5]
[9.1875, -0.875, 0.375]
[9.1875, -0.875, 0.375]
[7.875, -0.1875, 0.9375]
[7.875, -0.1875, 0.9375]
[7.875, -0.1875, 0.9375]
[6.1875, 1.3125, 0.625]
[6.1875, 1.3125, 0.625]
[3.0, 1.5, 0.0625]
[3.0, 1.5, 0.0625]
[3.0, 1.5, 0.0625]
[1.5, 1.625, -0.25]
[1.5, 1.625, -0.25]
[0.25, 0.75, -0.75]
[0.25, 0.75, -0.75]
[-0.1875, 0.3125, -0.6875]
[-0.1875, 0.3125, -0.6875]
[-1.0, 0.25, -0.25]
[-1.0, 0.25, -0.25]
[-1.4375, 0.4375, 0.0625]
[-1.4375, 0.4375, 0.0625]
[-1.4375, 0.4375, 0.0625]
[-1.5, 0.25, 0.1875]
[-1.5, 0.25, 0.1875]
[-1.6875, 0.375, 0.75]
[-1.6875, 0.375, 0.75]
[-1.25, 0.5, 0.8125]
[-2.0625, 0.25, 0.375]
[-2.0625, 0.25, 0.375]
[-1.4375, 0.0625, 0.0625]
[-1.4375, 0.0625, 0.0625]
[-1.625, -0.1875, -0.1875]
[-1.625, -0.1875, -0.1875]
[-1.9375, 0.0625, -0.375]
[-1.9375, 0.0625, -0.375]
[-0.8125, 0.9375, -0.1875]
[-1.25, 1.0625, 0.25]
[-1.25, 1.0625, 0.25]
[-0.75, 0.6875, 0.1875]
[-0.75, 0.6875, 0.1875]
[-0.625, 0.375, 0.1875]
[-0.625, 0.375, 0.1875]
[-0.9375, 0.375, 0.125]
[-0.9375, 0.375, 0.125]
[-0.625, 0.75, 0.0625]
[-0.625, 0.75, 0.0625]
[-1.125, 0.9375, -0.125]
[-1.125, 0.9375, -0.125]
[-1.875, 0.5625, -0.1875]
[-1.875, 0.5625, -0.1875]
[-1.875, 0.5625, -0.1875]
[-1.1875, 0.1875, -0.0625]
[-0.375, 0.3125, 0.1875]
[-0.375, 0.3125, 0.1875]
[-0.375, 0.25, 0.625]
[-0.375, 0.25, 0.625]
[-0.5, 0.5, 0.5]
[-0.75, 0.125, 0.25]
[-0.75, 0.125, 0.25]
[-0.75, 0.125, 0.25]
[-0.625, -0.25, 0.0]
[-0.625, -0.25, 0.0]
[-0.125, -0.25, 0.1875]
[0.25, -0.375, 0.5]
[0.25, -0.375, 0.5]
[0.25, -0.375, 0.5]
[1.0, -0.375, 0.375]
[1.0, -0.375, 0.375]
[0.8125, -0.9375, 0.125]
[0.5625, -1.0, 0.0]
[0.5625, -1.0, 0.0]
[0.5625, -1.0, 0.0]
[0.375, -0.625, 0.0]
[0.375, -0.625, 0.0]
[0.25, -0.5, 0.0625]
[0.25, -0.5625, -0.1875]
[0.25, -0.5625, -0.1875]
[0.25, -0.5625, -0.1875]
[0.125, -1.0625, 0.0625]
[0.125, -1.0625, 0.0625]
[1.0, -1.4375, -0.1875]
[1.5, -1.25, -0.0625]
[1.5, -1.25, -0.0625]
[1.5, -1.25, -0.0625]
[1.375, -1.125, 0.125]
[1.375, -1.125, 0.125]
[1.0625, -0.8125, -0.3125]
[1.0625, -0.8125, -0.3125]
[0.625, -1.0, -0.1875]
[1.375, -0.9375, -0.125]
[1.375, -0.9375, -0.125]
[1.375, -0.9375, -0.125]
[1.0, -0.875, 0.0625]
[1.0, -0.875, 0.0625]
[1.0625, -0.875, 0.1875]
[1.0625, -0.875, 0.1875]
[0.75, -0.8125, 0.0625]
[0.75, -0.8125, 0.0625]
[-0.3125, -0.875, 0.1875]
[-0.3125, -0.875, 0.1875]
[-0.3125, -0.875, 0.1875]
[-0.3125, -0.875, 0.1875]
[-0.1875, -0.75, -0.0625]
[-0.1875, -0.75, -0.0625]
[-0.25, -0.5625, -0.0625]
[-0.25, -0.5625, -0.0625]
[-0.25, -0.5625, -0.0625]
[-0.25, -0.5625, -0.0625]
[-0.0625, -0.6875, -0.1875]
[-0.0625, -0.6875, -0.1875]
[-0.6875, -0.875, -1.1875]
[-0.6875, -0.875, -1.1875]
[-0.6875, -0.875, -1.1875]
[-0.5625, -0.0625, -0.9375]
[-0.5625, -0.0625, -0.9375]
[-2.1875, -0.6875, -1.5625]
[-2.1875, -0.6875, -1.5625]
[-0.5, -0.5625, -0.1875]
[-0.5, -0.5625, -0.1875]
[0.25, -0.0625, 0.25]
[0.25, -0.0625, 0.25]
[-0.4375, 0.0625, 0.0]
[-0.4375, 0.0625, 0.0]
[-0.3125, 0.25, 0.125]
[-0.3125, 0.25, 0.125]
[-0.125, 0.875, -0.0625]
[-0.125, 0.875, -0.0625]
[-0.125, 0.875, -0.0625]
[-0.625, 1.125, 0.25]
[-0.625, 1.125, 0.25]
[-0.625, 1.125, 0.25]
[-0.4375, 0.75, 0.125]
[0.25, 0.3125, 0.5]
[0.25, 0.3125, 0.5]
[0.25, 0.3125, 0.5]
[0.25, 0.3125, 0.5]
[0.25, 0.3125, 0.5]
[0.4375, -0.375, 0.6875]
[-0.5625, -0.5, -0.25]
[-0.5625, -0.5, -0.25]
[-0.5625, -0.0625, -0.4375]
[-0.5625, -0.0625, -0.4375]
[-0.5625, -0.0625, -0.4375]
[-2.0, 1.3125, -0.5625]
[-2.0, 1.3125, -0.5625]
[-0.625, 1.5625, -0.3125]
[-0.625, 1.5625, -0.3125]
[-0.625, 1.5625, -0.3125]
[0.4375, 1.25, 0.0625]
[0.5625, 1.3125, -0.0625]
[0.5625, 1.3125, -0.0625]
[0.5625, 1.3125, -0.0625]
[1.25, 0.375, 0.0625]
[1.0, 0.1875, 0.4375]
[1.0, 0.1875, 0.4375]
[-0.1875, 1.25, 0.3125]
[-0.1875, 1.25, 0.3125]
[0.0625, 1.1875, -0.125]
[0.0625, 1.1875, -0.125]
[-0.1875, 0.375, -0.5]
[-0.1875, 0.375, -0.5]
[0.0, 0.1875, -0.125]
[0.0, 0.1875, -0.125]
[0.1875, 0.375, -0.1875]
[0.1875, 0.375, -0.1875]
[-0.375, 0.375, -0.3125]
[-0.375, 0.375, -0.3125]
[-0.875, 0.0625, -0.25]
[-0.875, 0.0625, -0.25]
[-0.875, 0.0625, -0.25]
[-0.125, -0.1875, 0.0]
[-0.125, -0.1875, 0.0]
[-0.125, -0.1875, 0.0]
[-0.6875, -2.625, 0.0]
[-0.6875, -2.625, 0.0]
[1.0625, -1.9375, 0.25]
[1.0625, -1.9375, 0.25]
[1.0625, -1.9375, 0.25]
[0.875, -1.8125, 0.125]
[1.3125, -1.6875, 0.125]
[1.3125, -1.6875, 0.125]
[2.0, -1.8125, 0.875]
[2.0, -1.8125, 0.875]
[2.625, -1.8125, 1.6875]
[1.8125, -1.5, 1.1875]
[1.8125, -1.5, 1.1875]
[1.8125, -1.5, 1.1875]
[1.5, -0.5625, 0.75]
[1.5, -0.5625, 0.75]
[1.375, -0.3125, 0.3125]
[1.375, -0.3125, 0.3125]
[1.375, -0.3125, 0.3125]
[1.375, -0.3125, 0.3125]
[0.3125, -0.75, 0.3125]
[0.625, -0.5, 0.5625]
[0.625, -0.5, 0.5625]
[0.625, -0.5, 0.5625]
[-0.125, -0.75, 0.375]
[-0.125, -0.75, 0.375]
[-0.0625, -0.75, 0.4375]
[-0.0625, -0.75, 0.4375]
[-0.0625, -0.75, 0.4375]
[-0.0625, -0.75, 0.4375]
[-0.1875, -0.4375, -0.0625]
[-1.1875, -0.5625, 0.0625]
[-1.1875, -0.5625, 0.0625]
[-1.1875, -0.5625, 0.0625]
[-0.8125, -0.25, -0.125]
[-0.8125, -0.25, -0.125]
[-0.9375, 0.25, -0.1875]
[-1.25, 0.1875, -0.375]
[-1.25, 0.1875, -0.375]
[-1.4375, -0.5, -0.375]
[-1.4375, -0.5, -0.375]
[-1.125, -0.1875, 0.25]
[0.4375, 0.0625, 0.25]
[0.4375, 0.0625, 0.25]
[-0.375, 0.0625, 0.0]
[-0.375, 0.0625, 0.0]
[-0.375, 0.0625, 0.0]
[-0.625, -0.25, 0.0625]
[-0.125, -0.1875, -0.1875]
[-0.125, -0.1875, -0.1875]
[-0.375, -0.1875, 0.1875]
[-0.375, -0.1875, 0.1875]
[0.1875, 0.25, 0.0625]
[0.1875, 0.25, 0.0625]
[-0.125, -0.125, 0.3125]
[-0.125, -0.125, 0.3125]
[-0.25, -0.125, 0.1875]
[-0.25, -0.125, 0.1875]
[-0.3125, -0.125, 0.1875]
[-0.3125, -0.125, 0.1875]
[0.25, -0.25, 0.5]
[0.25, -0.25, 0.5]
[0.375, 0.0, 0.5]
[0.375, 0.0, 0.5]
[-0.0625, -0.5, 0.5625]
[0.1875, -0.6875, 0.75]
[0.1875, -0.6875, 0.75]
[0.1875, -0.6875, 0.75]
[0.5, -0.625, 0.5625]
[0.5, -0.625, 0.5625]
[-0.875, -0.4375, 0.25]
[-0.1875, -0.125, 0.1875]
[-0.1875, -0.125, 0.1875]
[-0.25, 0.0, 0.125]
[-0.25, 0.0, 0.125]
[-0.25, 0.0, 0.125]
[-0.625, -0.625, 0.1875]
[-0.125, -0.5, 0.1875]
[-0.125, -0.5, 0.1875]
[-0.1875, -0.5, 0.1875]
[-0.1875, -0.5, 0.1875]
[-0.25, -0.75, 0.5]
[-0.25, -0.75, 0.5]
[-0.125, -0.625, 1.0625]
[-0.125, -0.625, 1.0625]
[-0.125, -0.75, 1.75]
[-0.125, -0.75, 1.75]
[1.0625, -0.6875, 1.625]
[1.0625, -0.6875, 1.625]
[1.3125, -1.3125, 1.5625]
[1.3125, -1.3125, 1.5625]
[0.4375, -1.625, 2.5]
[0.4375, -1.625, 2.5]
[0.875, -0.4375, 2.8125]
[1.1875, -0.5, 3.875]
[1.1875, -0.5, 3.875]
[1.1875, -0.5, 3.875]
[2.6875, -0.5, 5.375]
[2.6875, -0.5, 5.375]
[3.6875, 0.0, 5.8125]
[3.25, -0.5625, 5.375]
[3.25, -0.5625, 5.375]
[1.8125, -1.75, 5.5]
[1.8125, -1.75, 5.5]
[1.8125, -1.75, 5.5]
[2.5, -3.5625, 6.1875]
[2.5, -3.5625, 6.1875]
[4.625, -4.75, 6.875]
[6.0625, -5.0625, 7.4375]
[6.0625, -5.0625, 7.4375]
[6.0625, -5.0625, 7.4375]
[4.1875, -4.5625, 7.0]
[4.1875, -4.5625, 7.0]
[3.5, -4.375, 5.9375]
[2.5, -3.3125, 4.6875]
[2.5, -3.3125, 4.6875]
[0.9375, -3.5, 3.5]
[0.9375, -3.5, 3.5]
[0.9375, -3.5, 3.5]
[1.0, -3.0625, 2.4375]
[1.0625, -1.625, 1.4375]
[1.0625, -1.625, 1.4375]
[0.3125, -0.375, -0.25]
[0.3125, -0.375, -0.25]
[-1.9375, 0.25, -1.0625]
[-0.75, 0.5, -0.625]
[-0.75, 0.5, -0.625]
[0.375, 0.0625, -0.75]
[0.375, 0.0625, -0.75]
[0.375, 0.0625, -0.75]
[0.375, 0.0625, -0.75]
[-0.4375, 0.875, -0.9375]
[-0.4375, 0.875, -0.9375]
[-0.4375, 0.875, -0.9375]
[-0.0625, 1.125, -1.6875]
[-0.0625, 1.125, -1.6875]
[-0.0625, 1.125, -1.6875]
[0.1875, -0.0625, -0.5]
[0.1875, -0.0625, -0.5]
[0.0625, 0.5625, -0.4375]
[0.0625, 0.5625, -0.4375]
[0.0625, 0.5625, -0.4375]
[-1.5, 0.4375, -0.875]
[-1.5, 0.4375, -0.875]
[-1.25, 0.875, -0.375]
[-1.25, 0.875, -0.375]
[-1.25, 0.875, -0.375]
[-1.25, 0.875, -0.375]
[-1.25, 0.75, 0.5]
[-1.25, 0.75, 0.5]
[0.125, 0.625, 0.375]
[0.125, 0.625, 0.375]
[0.125, 0.625, 0.375]
[0.125, 0.625, 0.375]
[0.125, 0.625, 0.375]
[0.0, 0.0, -0.1875]
[0.0, 0.0, -0.1875]
[0.125, 0.75, 0.5625]
[0.125, 0.75, 0.5625]
[0.125, 0.75, 0.5625]
[0.0, 2.0, 0.3125]
[0.0, 2.0, 0.3125]
[0.0, 2.0, 0.3125]
[-0.875, 2.25, 0.1875]
[-0.875, 2.25, 0.1875]
[-0.875, 2.25, 0.1875]
[-0.875, 2.25, 0.1875]
[-0.875, 2.25, 0.1875]
[-0.8125, 2.3125, 0.6875]
[-0.8125, 2.3125, 0.6875]
[-0.8125, 2.3125, 0.6875]
[-0.5625, 2.3125, 0.0625]
[-0.5625, 2.3125, 0.0625]
[-0.5625, 2.3125, 0.0625]
[-2.0625, 1.6875, 0.0625]
[-2.0625, 1.6875, 0.0625]
[-2.0625, 1.6875, 0.0625]
[-2.0, 1.75, -0.0625]
[-2.0, 1.75, -0.0625]
[-2.125, 1.875, 0.125]
[-2.125, 1.875, 0.125]
[-2.125, 1.875, 0.125]
[-2.125, 1.875, 0.125]
[-2.125, 1.875, 0.125]
[-2.375, 2.5625, -0.125]
[-2.375, 2.5625, -0.125]
[-1.25, 2.9375, 0.125]
[-1.25, 2.9375, 0.125]
[-1.25, 2.9375, 0.125]
[-2.4375, 2.5, -0.5]
[-2.4375, 2.5, -0.5]
[-2.4375, 2.5, -0.5]
[-1.625, 2.1875, -0.5]
[-1.625, 2.1875, -0.5]
[-1.625, 2.1875, -0.5]
[-1.625, 2.1875, -0.5]
[-1.375, 0.5, -0.875]
[-1.125, -0.5625, -0.9375]
[-1.125, -0.5625, -0.9375]
[-1.125, -0.5625, -0.9375]
[-1.125, -0.5625, -0.9375]
[-1.125, -0.5625, -0.9375]
[-0.5625, 0.5, -0.5625]
[-0.5625, 0.5, -0.5625]
[-0.5625, 0.5, -0.5625]
[-0.5, -0.6875, -0.125]
[-0.5, -0.6875, -0.125]
[0.75, -0.875, 0.0]
[0.75, -0.875, 0.0]
[0.75, -0.875, 0.0]
[1.875, -0.9375, 0.3125]
[1.875, -0.9375, 0.3125]
[1.875, -0.9375, 0.3125]
[1.875, -0.9375, 0.3125]
[1.875, -0.9375, 0.3125]
[0.875, -0.3125, 0.3125]
[0.875, -0.3125, 0.3125]
[0.875, -0.3125, 0.3125]
[0.0625, -1.3125, -0.1875]
[0.0625, -1.3125, -0.1875]
[0.0625, -1.3125, -0.1875]
[0.0625, -1.3125, -0.1875]
[-0.1875, -1.8125, -1.25]
[-0.1875, -1.8125, -1.25]
[-0.1875, -1.8125, -1.25]
[-0.1875, -1.8125, -1.25]
[-0.5, -2.875, -1.375]
[-0.5, -2.875, -1.375]
[-0.5, -2.875, -1.375]
[-0.5, -2.875, -1.375]
[0.1875, -2.1875, -0.4375]
[0.1875, -2.1875, -0.4375]
[0.1875, -2.0, -0.6875]
[0.1875, -2.0, -0.6875]
[0.1875, -2.0, -0.6875]
[0.1875, -2.0, -0.6875]
[0.1875, -2.0, -0.6875]
[0.1875, -2.0, -0.6875]
[1.5625, -0.875, 0.25]
[0.625, -0.6875, 0.0625]
[0.625, -0.6875, 0.0625]
[0.8125, -0.875, -0.3125]
[0.8125, -0.875, -0.3125]
[0.8125, -0.875, -0.3125]
[0.8125, -0.875, -0.3125]
[2.75, -1.3125, 0.1875]
[2.75, -1.3125, 0.1875]
[1.5, -1.375, 0.25]
[1.5, -1.375, 0.25]
[1.5, -1.375, 0.25]
[1.4375, -1.3125, 0.25]
[1.4375, -1.3125, 0.25]
[1.4375, -1.3125, 0.25]
[1.4375, -1.0625, 0.4375]
[1.4375, -1.0625, 0.4375]
[1.4375, -1.0625, 0.4375]
[1.4375, -1.0625, 0.4375]
[1.4375, -1.0625, 0.4375]
[0.6875, -1.3125, 0.0]
[0.6875, -1.3125, 0.0]
[0.6875, -1.3125, 0.0]
[0.6875, -1.3125, 0.0]
[1.9375, -0.9375, -0.1875]
[1.9375, -0.9375, -0.1875]
[1.9375, -0.9375, -0.1875]
[1.3125, -1.375, 0.0625]
[1.3125, -1.375, 0.0625]
[1.3125, -1.375, 0.0625]
[1.3125, -1.375, 0.0625]
[1.3125, -1.375, 0.0625]
[1.3125, -1.375, 0.0625]
[2.75, -2.375, 0.0]
[2.75, -2.375, 0.0]
[2.75, -2.375, 0.0]
[1.375, -2.8125, 0.3125]
[1.375, -2.8125, 0.3125]
[2.25, -2.875, 0.4375]
[2.25, -2.875, 0.4375]
[2.25, -2.875, 0.4375]
[2.25, -2.875, 0.4375]
[1.6875, -2.25, 0.5625]
[1.6875, -2.25, 0.5625]
[1.6875, -2.25, 0.5625]
[1.6875, -2.25, 0.5625]
[1.6875, -2.25, 0.5625]
[1.5, -1.25, -0.1875]
[1.5, -1.25, -0.1875]
[1.0, -1.25, -0.25]
[1.0, -1.25, -0.25]
[1.0, -1.25, -0.25]
[1.0, -1.25, -0.25]
[0.9375, -0.75, -0.625]
[0.9375, -0.75, -0.625]
[0.0625, -0.8125, -0.5625]
[0.0625, -0.8125, -0.5625]
[0.0625, -0.8125, -0.5625]
[0.0625, -0.8125, -0.5625]
[0.25, 0.1875, -0.3125]
[0.25, 0.1875, -0.3125]
[0.1875, 0.375, -0.5625]
[0.1875, 0.375, -0.5625]
[0.1875, 0.375, -0.5625]
[0.1875, 0.375, -0.5625]
[-0.0625, 0.5, -0.625]
[-0.0625, 0.5, -0.625]
[-0.0625, 0.375, -0.375]
[-0.0625, 0.375, -0.375]
[-0.0625, 0.375, -0.375]
[-0.0625, 0.375, -0.375]
[-0.0625, -0.375, 0.1875]
[-0.0625, -0.375, 0.1875]
[0.9375, -0.25, 0.375]
[0.9375, -0.25, 0.375]
[0.9375, -0.25, 0.375]
[0.9375, -0.25, 0.375]
[0.75, -0.25, 0.5]
[0.75, -0.25, 0.5]
[0.375, -0.8125, 0.1875]
[0.375, -0.8125, 0.1875]
[0.375, -0.8125, 0.1875]
[0.375, -0.8125, 0.1875]
[0.5, -0.9375, 0.0625]
[0.5, -0.9375, 0.0625]
[0.4375, -1.4375, 0.4375]
[0.4375, -1.4375, 0.4375]
[0.4375, -1.4375, 0.4375]
[0.4375, -1.4375, 0.4375]
[1.0625, -2.875, 0.5]
[1.0625, -2.875, 0.5]
[1.0625, -3.25, 0.875]
[1.0625, -3.25, 0.875]
[1.0625, -3.25, 0.875]
[1.0625, -3.25, 0.875]
[0.1875, -2.0625, 0.1875]
[0.1875, -2.0625, 0.1875]
[0.75, -1.5625, 0.25]
[0.75, -1.5625, 0.25]
[0.75, -1.5625, 0.25]
[0.75, -1.5625, 0.25]
[0.75, -1.5625, 0.25]
[0.75, -1.5625, 0.25]
[0.5, -1.125, 0.1875]
[0.5, -1.125, 0.1875]
[0.5, -1.125, 0.1875]
[1.25, -0.625, 0.0625]
[1.25, -0.625, 0.0625]
[1.0, -0.375, -0.125]
[1.0, -0.375, -0.125]
[1.0, -0.375, -0.125]
[1.0, -0.375, -0.125]
[-0.25, 0.0, -0.125]
[-0.25, 0.0, -0.125]
[-0.25, 0.0, -0.125]
[-0.25, 0.0, -0.125]
[0.5, 0.0625, -0.1875]
[0.5, 0.0625, -0.1875]
[0.5, 0.0625, -0.1875]
[0.5, 0.0625, -0.1875]
[-0.5625, 0.0625, -0.5625]
[-0.5625, 0.0625, -0.5625]
[-0.5625, 0.0625, -0.5625]
[-0.5625, 0.0625, -0.5625]
[-0.625, 0.4375, -0.1875]
[-0.625, 0.4375, -0.1875]
[-0.625, 0.4375, -0.1875]
[-0.1875, 0.6875, -0.4375]
[-0.1875, 0.6875, -0.4375]
[-0.1875, 0.6875, -0.4375]
[-0.1875, 0.6875, -0.4375]
[-0.1875, 0.6875, -0.4375]
[-0.6875, 0.125, -1.0625]
[-0.6875, 0.125, -1.0625]
[-0.6875, 0.125, -1.0625]
[-0.6875, 0.125, -1.0625]
[0.125, 0.6875, 0.1875]
[0.125, 0.6875, 0.1875]
[0.125, 0.6875, 0.1875]
[0.3125, 0.8125, 0.375]
[0.3125, 0.8125, 0.375]
[-0.8125, 0.375, -0.0625]
[-0.8125, 0.375, -0.0625]
[-0.8125, 0.375, -0.0625]
[-0.8125, 0.375, -0.0625]
[-0.5, 0.5625, 0.0625]
[-0.5, 0.5625, 0.0625]
[-0.5, 0.5625, 0.0625]
[-0.5, 0.5625, 0.0625]
[-0.5, 0.0625, 0.1875]
[-0.5, 0.0625, 0.1875]
[-0.5, 0.0625, 0.1875]
[-0.5, 0.0625, 0.1875]
[0.3125, 0.125, 0.1875]
[0.3125, 0.125, 0.1875]
[0.3125, 0.125, 0.1875]
[0.3125, 0.125, 0.1875]
[-0.25, -0.0625, 0.0625]
[-0.25, -0.0625, 0.0625]
[-0.25, -0.0625, 0.0625]
[-0.25, -0.0625, 0.0625]
[-0.0625, -0.3125, -0.125]
[-0.0625, -0.3125, -0.125]
[-0.0625, -0.3125, -0.125]
[-0.0625, -0.3125, -0.125]
[0.4375, 0.25, 0.1875]
[0.4375, 0.25, 0.1875]
[0.375, 0.0625, 0.375]
[0.375, 0.0625, 0.375]
[0.375, 0.0625, 0.375]
[0.375, 0.0625, 0.375]
[0.0, 0.1875, -0.0625]
[0.0, 0.1875, -0.0625]
[0.125, 0.125, 0.125]
[0.125, 0.125, 0.125]
[0.75, 0.1875, 0.1875]
[0.75, 0.1875, 0.1875]
[-0.4375, 0.375, 0.125]
[-0.4375, 0.375, 0.125]
[0.125, 0.375, -0.0625]
[0.3125, -0.375, -0.375]
[0.3125, -0.375, -0.375]
[-0.3125, -0.625, -0.1875]
[-0.3125, -0.625, -0.1875]
[-0.3125, -0.625, -0.1875]
[0.25, -0.125, -0.1875]
[0.25, -0.125, -0.1875]
[-0.25, 0.0625, -0.25]
[-0.25, 0.0625, -0.25]
[0.0625, 0.125, 0.25]
[0.4375, 0.1875, 0.25]
[0.4375, 0.1875, 0.25]
[0.4375, 0.1875, 0.25]
[0.0625, 0.0, 0.1875]
[0.25, -0.0625, 0.1875]
[0.25, -0.0625, 0.1875]
[-0.25, -0.1875, -0.25]
[-0.25, -0.1875, -0.25]
[-0.125, -0.5625, -0.0625]
[-0.125, -0.5625, -0.0625]
[0.125, -0.4375, 0.0625]
[0.125, -0.4375, 0.0625]
[0.0, -0.5625, 0.0625]
[0.0, -0.5625, 0.0625]
[0.0, -0.5625, 0.0625]
[-0.0625, -0.1875, 0.125]
[-0.0625, -0.1875, 0.125]
[0.375, -0.1875, 0.5625]
[0.4375, -0.1875, 0.5]
[-0.0625, 0.125, 0.25]
[-0.0625, 0.125, 0.25]
[0.125, 0.0, 0.25]
[0.125, 0.0, 0.25]
[0.6875, -0.5, 0.1875]
[0.6875, -0.5, 0.1875]
[0.6875, -0.5, 0.1875]
[0.4375, -0.875, -0.0625]
[0.375, -0.625, 0.0]
[0.375, -0.625, 0.0]
[0.375, -0.625, 0.0]
[0.375, -0.5625, -0.125]
[0.3125, -0.625, 0.0]
[0.3125, -0.625, 0.0]
[0.875, -0.3125, 0.1875]
[0.875, -0.3125, 0.1875]
[0.4375, -0.375, 0.1875]
[0.4375, -0.375, 0.1875]
[0.5, -0.25, 0.1875]
[0.25, -0.375, -0.125]
[0.25, -0.375, -0.125]
[-0.5, -0.5625, -0.5625]
[-0.5, -0.5625, -0.5625]
[-0.5, -0.5625, -0.5625]
[0.25, -0.375, -0.1875]
[0.25, -0.375, -0.1875]
[-0.375, -0.125, -0.25]
[-0.6875, -0.25, -0.1875]
[-0.6875, -0.25, -0.1875]
[-0.6875, -0.25, -0.1875]
[0.3125, -0.0625, 0.375]
[0.3125, -0.0625, 0.375]
[0.8125, 0.4375, 0.4375]
[0.0625, 0.125, 0.0625]
[0.0625, 0.125, 0.0625]
[0.0625, -0.3125, -0.125]
[0.0625, -0.3125, -0.125]
[0.0625, -0.3125, -0.125]
[0.8125, -0.25, -0.125]
[0.6875, -0.125, 0.1875]
[0.6875, -0.125, 0.1875]
[0.5, 0.0, 0.375]
[0.5, 0.0, 0.375]
[0.0, -0.125, 0.3125]
[0.0, -0.125, 0.3125]
[0.125, -0.0625, 0.125]
[0.125, -0.0625, 0.125]
[0.25, -0.4375, 0.0625]
[0.25, -0.4375, 0.0625]
[0.125, -0.0625, 0.0625]
[0.0, 0.1875, 0.0625]
[0.0, 0.1875, 0.0625]
[0.0, 0.1875, 0.0625]
[-0.5625, 0.0625, -0.3125]
[-0.5625, 0.0625, -0.3125]
[-0.3125, 0.0, -0.25]
[-0.5625, 0.0, -0.375]
[-0.5625, 0.0, -0.375]
[-0.4375, -0.1875, -0.125]
[-0.4375, -0.1875, -0.125]
[-0.4375, -0.1875, -0.125]
[-0.375, -0.3125, -0.1875]
[-0.25, -0.25, 0.0]
[-0.25, -0.25, 0.0]
[-0.9375, -0.0625, 0.25]
[-0.9375, -0.0625, 0.25]
[-0.3125, 0.625, 0.25]
[-0.3125, 0.625, 0.25]
[-0.25, 0.5, 0.0625]
[-0.25, 0.5, 0.0625]
[-0.6875, 0.375, -0.0625]
[-0.6875, 0.375, -0.0625]
[-0.25, 0.625, 0.125]
[-0.25, 0.625, 0.125]
[-0.1875, 0.75, 0.1875]
[-0.1875, 0.75, 0.1875]
[-0.3125, 0.6875, 0.0625]
[-0.3125, 0.6875, 0.0625]
[-0.125, 0.8125, -0.125]
[-0.125, 0.8125, -0.125]
[-0.0625, 0.375, -0.125]
[-0.0625, 0.375, -0.125]
[0.0, 0.0625, 0.0]
[0.0, 0.0625, 0.0]
[0.375, -0.125, 0.0625]
[0.6875, -0.125, 0.0]
[0.6875, -0.125, 0.0]
[0.6875, -0.125, 0.0]
[0.0, -0.4375, -0.1875]
[0.0, -0.4375, -0.1875]
[0.4375, -0.5, -0.0625]
[0.625, -0.5625, 0.0]
[0.625, -0.5625, 0.0]
[0.625, -0.5625, 0.0]
[0.25, -0.75, -0.0625]
[0.25, -0.75, -0.0625]
[0.375, -0.5, 0.0625]
[0.625, -0.375, 0.125]
[0.625, -0.375, 0.125]
[0.625, -0.375, 0.125]
[0.1875, -0.125, 0.0625]
[0.1875, -0.125, 0.0625]
[-0.125, -0.3125, -0.125]
[-0.125, -0.3125, -0.125]
[0.125, -0.375, -0.3125]
[0.125, -0.375, -0.3125]
[0.25, -0.1875, -0.25]
[0.25, -0.1875, -0.25]
[-0.125, -0.5, -0.1875]
[-0.125, -0.5, -0.1875]
[-0.125, -0.4375, 0.125]
[-0.125, -0.4375, 0.125]
[0.5, -0.625, -0.0625]
[0.625, -0.9375, 0.0625]
[0.625, -0.9375, 0.0625]
[0.625, -0.9375, 0.0625]
[0.9375, -0.375, 0.1875]
[0.9375, -0.375, 0.1875]
[0.625, -0.25, 0.375]
[0.625, -0.25, 0.375]
[0.625, -0.25, 0.375]
[0.625, -0.125, 0.1875]
[0.625, -0.125, 0.1875]
[0.5625, -0.3125, 0.125]
[0.5625, -0.3125, 0.125]
[0.8125, -0.4375, -0.0625]
[0.8125, -0.4375, -0.0625]
[0.625, -0.6875, -0.1875]
[0.3125, -1.1875, -0.3125]
[0.3125, -1.1875, -0.3125]
[0.3125, -1.1875, -0.3125]
[0.6875, -1.125, -0.3125]
[0.6875, -1.125, -0.3125]
[1.0, -1.0, -0.0625]
[1.0, -1.0, -0.0625]
[0.625, -1.0, 0.25]
[0.625, -1.0, 0.25]
[1.0, -1.0, 0.5]
[1.0, -1.0, 0.5]
[1.0, -1.0, 0.5]
[0.8125, -1.5625, 0.1875]
[0.8125, -1.5625, 0.1875]
[1.9375, -1.625, 0.0625]
[1.9375, -1.625, 0.0625]
[1.9375, -1.625, 0.0625]
[1.9375, -1.625, 0.0625]
[0.8125, -1.5, 0.125]
[0.8125, -1.5, 0.125]
[0.5, -1.5, -0.3125]
[0.5, -1.5, -0.3125]
[0.5, -1.5, -0.3125]
[1.8125, -1.25, 0.75]
[2.0625, -1.0625, 0.875]
[2.0625, -1.0625, 0.875]
[1.4375, -1.0, 0.4375]
[1.4375, -1.0, 0.4375]
[1.4375, -1.0, 0.4375]
[1.25, -1.1875, -0.0625]
[1.25, -1.0625, 0.0625]
[1.25, -1.0625, 0.0625]
[1.6875, -1.0625, 0.4375]
[1.6875, -1.0625, 0.4375]
[1.6875, -1.0625, 0.4375]
[1.1875, -1.0, 0.5625]
[1.1875, -1.0, 0.5625]
[0.75, -1.0625, 0.5625]
[0.75, -1.0625, 0.5625]
[1.0, -0.9375, 0.0625]
[1.0, -0.9375, 0.0625]
[1.0, -0.9375, 0.0625]
[0.875, -0.625, 0.125]
[0.875, -0.625, 0.125]
[0.1875, -0.125, -0.25]
[0.1875, -0.125, -0.25]
[0.1875, -0.125, -0.25]
[0.3125, -0.4375, -0.5]
[0.3125, -0.4375, -0.5]
[0.6875, 0.0, -0.1875]
[0.6875, 0.0, -0.1875]
[0.25, -0.1875, -0.0625]
[-0.625, -0.25, 0.0]
[-0.625, -0.25, 0.0]
[-1.9375, 0.6875, -0.3125]
[-1.9375, 0.6875, -0.3125]
[-1.4375, 0.625, -0.125]
[-1.4375, 0.625, -0.125]
[-2.8125, 0.5, -0.125]
[-2.8125, 0.5, -0.125]
[-1.375, 0.3125, 0.4375]
[-1.375, 0.3125, 0.4375]
[-2.9375, 0.0, 0.5]
[-2.9375, 0.0, 0.5]
[-0.0625, -0.75, 0.875]
[-0.0625, -0.75, 0.875]
[0.0625, -0.6875, 1.5625]
[0.0625, -0.6875, 1.5625]
[-0.0625, -0.75, 1.375]
[-0.0625, -0.75, 1.375]
[-0.0625, -0.375, 1.5]
[-0.0625, -0.375, 1.5]
[0.4375, -0.4375, 1.6875]
[0.4375, -0.4375, 1.6875]
[0.75, -0.4375, 1.5]
[0.75, -0.4375, 1.5]
[0.4375, -0.625, 1.25]
[0.4375, -0.625, 1.25]
[0.4375, -0.1875, 0.9375]
[0.4375, -0.1875, 0.9375]
[0.25, 0.3125, 0.5]
[0.25, 0.3125, 0.5]
[0.25, 0.3125, 0.5]
[0.25, 0.3125, 0.5]
[-0.6875, 0.3125, -0.1875]
[0.0625, 0.5, -0.375]
[0.0625, 0.5, -0.375]
[0.0625, 0.5, -0.375]
[-0.3125, 0.4375, -0.625]
[-0.3125, 0.4375, -0.625]
[-0.375, 0.125, -0.5]
[-0.3125, 0.0625, -0.4375]
[-0.3125, 0.0625, -0.4375]
[-0.3125, 0.0625, -0.4375]
[0.0, -0.125, -0.4375]
[0.0, -0.125, -0.4375]
[0.0, -0.375, -0.8125]
[-0.25, -0.8125, -0.5625]
[-0.25, -0.8125, -0.5625]
[-0.25, -0.8125, -0.5625]
[-0.4375, -1.0, -0.1875]
[-0.4375, -1.0, -0.1875]
[0.1875, -1.6875, 0.125]
[1.0, -1.9375, 0.25]
[1.0, -1.9375, 0.25]
[1.0, -1.9375, 0.25]
[0.6875, -1.1875, 0.3125]
[0.6875, -1.1875, 0.3125]
[0.6875, -1.1875, 0.3125]
[0.375, -1.125, 0.3125]
[0.5, -1.125, 0.6875]
[0.5, -1.125, 0.6875]
[0.5, -1.125, 0.6875]
[0.5, -1.125, 0.6875]
[0.875, -0.6875, 0.8125]
[0.6875, -0.9375, 0.5625]
[0.6875, -0.9375, 0.5625]
[0.125, -0.75, 0.6875]
[0.125, -0.75, 0.6875]
[0.125, -0.75, 0.6875]
[0.75, -0.3125, 0.25]
[0.25, -0.375, 0.125]
[0.25, -0.375, 0.125]
[-0.125, -0.625, -0.1875]
[-0.125, -0.625, -0.1875]
[-0.125, -0.625, -0.1875]
[0.5625, -0.3125, -0.5625]
[0.125, -0.25, -0.8125]
[0.125, -0.25, -0.8125]
[0.125, -0.25, -0.8125]
[-0.1875, -0.125, -0.9375]
[0.5625, 0.4375, -1.125]
[0.5625, 0.4375, -1.125]
[-0.8125, 0.0625, -1.25]
[-0.8125, 0.0625, -1.25]
[-0.75, 0.25, -1.125]
[-0.75, 0.25, -1.125]
[0.375, 0.125, -0.8125]
[0.375, 0.125, -0.8125]
[1.0, -0.1875, -0.25]
[1.0, -0.1875, -0.25]
[0.4375, 0.125, -0.4375]
[0.4375, 0.125, -0.4375]
[-0.1875, 0.125, -0.5]
[-0.1875, 0.125, -0.5]
[0.5, 0.0, -0.1875]
[0.5, 0.0, -0.1875]
[0.8125, 0.125, -0.125]
[0.8125, 0.125, -0.125]
[0.1875, 0.3125, 0.5]
[0.0625, 0.5, 0.25]
[0.0625, 0.5, 0.25]
[0.0625, 0.5, 0.25]
[-0.1875, 0.0, 0.1875]
[-0.1875, 0.0, 0.1875]
[-0.3125, -0.1875, 0.0]
[0.0, 0.0, 0.1875]
[0.0, 0.0, 0.1875]
[0.0, 0.0, 0.1875]
[-0.25, -0.0625, -0.1875]
[-0.25, -0.0625, -0.1875]
[-0.3125, -0.5, -0.1875]
[-0.25, -0.5, -0.125]
[-0.25, -0.5, -0.125]
[-0.25, -0.5, -0.125]
[0.4375, -0.0625, 0.0625]
[0.4375, -0.0625, 0.0625]
[0.5, -0.3125, 0.25]
[-0.125, -0.125, 0.1875]
[-0.125, -0.125, 0.1875]
[-0.125, -0.125, 0.1875]
[0.25, 0.0625, -0.1875]
[0.25, 0.0625, -0.1875]
[0.0625, 0.125, -0.375]
[-0.0625, 0.1875, -0.3125]
[-0.0625, 0.1875, -0.3125]
[-0.0625, 0.1875, -0.3125]
[-0.1875, 0.25, -0.1875]
[-0.1875, 0.25, -0.1875]
[0.25, 0.4375, -0.1875]
[0.25, 0.4375, -0.1875]
[-0.3125, 0.5, 0.0]
[-0.125, 0.875, 0.0]
[-0.125, 0.875, 0.0]
[-0.125, 0.875, 0.0]
[-0.125, 0.5625, -0.3125]
[-0.125, 0.5625, -0.3125]
[-0.3125, 0.1875, 0.0]
[-0.3125, 0.1875, 0.0]
[0.125, -0.5625, 0.0]
[0.125, -0.5625, 0.0]
[0.875, -1.0625, 0.1875]
[0.875, -1.0625, 0.1875]
[0.875, -1.0625, 0.1875]
[1.0, 0.0, 0.5625]
[1.0, 0.0, 0.5625]
[-0.3125, 0.875, 0.4375]
[-0.3125, 0.875, 0.4375]
[-0.3125, 0.875, 0.4375]
[0.0, 0.5625, 0.5625]
[0.0, 0.8125, 0.1875]
[0.0, 0.8125, 0.1875]
[0.0625, 0.8125, 0.1875]
[0.0625, 0.8125, 0.1875]
[0.0625, 0.8125, 0.1875]
[-0.75, 0.1875, 0.0]
[-0.5, 0.0, -0.4375]
[-0.5, 0.0, -0.4375]
[-0.5, 0.0, -0.4375]
[-0.5, 0.0, -0.4375]
[-0.3125, -0.0625, -0.375]
[-0.25, 0.0625, -0.4375]
[0.125, 0.125, -0.1875]
[0.125, 0.125, -0.1875]
[-0.0625, 0.25, -0.1875]
[-0.0625, 0.25, -0.1875]
[-0.1875, -0.125, -0.0625]
[-0.1875, -0.125, -0.0625]
[-0.1875, -0.125, -0.0625]
[0.625, -0.3125, 0.125]
[0.625, -0.3125, 0.125]
[0.75, -0.5, 0.3125]
[0.75, -0.5, 0.3125]
[0.75, -0.5, 0.3125]
[1.0625, -0.75, 0.4375]
[1.0625, -0.75, 0.4375]
[0.6875, -0.8125, 0.125]
[0.6875, -0.8125, 0.125]
[0.6875, -0.8125, 0.125]
[0.875, -0.6875, 0.0625]
[0.625, -0.5, -0.125]
[0.625, -0.5, -0.125]
[0.625, -0.5, -0.125]
[0.25, -0.5625, 0.125]
[0.4375, -0.3125, 0.125]
[0.4375, -0.3125, 0.125]
[0.125, -0.5, 0.0625]
[0.125, -0.5, 0.0625]
[0.1875, -0.5, -0.25]
[0.1875, -0.5, -0.25]
[-0.3125, -0.25, -0.125]
[-0.3125, -0.25, -0.125]
[-0.125, 0.3125, 0.0]
[-0.6875, 0.375, -0.1875]
[-0.6875, 0.375, -0.1875]
[-0.6875, 0.375, -0.1875]
[-0.75, 0.1875, 0.25]
[-0.6875, -0.5, -0.125]
[-0.6875, -0.5, -0.125]
[-0.6875, -0.5, -0.125]
[-0.0625, -0.625, -0.25]
[-0.0625, -0.625, -0.25]
[-0.75, -1.0, -0.5625]
[-0.75, -1.0, -0.5625]
[-1.0, -0.75, -0.9375]
[-1.0, -0.75, -0.9375]
[-0.375, -0.5625, -0.5]
[-0.375, -0.5625, -0.5]
[0.625, -0.0625, -0.125]
[0.375, -0.125, 0.125]
[0.375, -0.125, 0.125]
[0.8125, -0.375, -0.3125]
[0.8125, -0.375, -0.3125]
[0.75, -0.75, -0.3125]
[0.75, -0.75, -0.3125]
[1.3125, 0.0, 0.1875]
[1.3125, 0.0, 0.1875]
[1.0625, -0.1875, 0.5625]
[1.0625, -0.1875, 0.5625]
[1.0, -0.4375, 0.4375]
[1.0, -0.4375, 0.4375]
[0.4375, -0.875, 0.1875]
[0.4375, -0.875, 0.1875]
[0.625, -0.8125, -0.0625]
[0.625, -0.8125, -0.0625]
[0.6875, -0.8125, 0.1875]
[0.6875, -0.8125, 0.1875]
[0.625, -0.4375, 0.1875]
[0.1875, -0.625, 0.0]
[0.1875, -0.625, 0.0]
[0.25, -0.625, -0.3125]
[0.25, -0.625, -0.3125]
[0.25, -0.625, -0.3125]
[0.5, -0.75, -0.25]
[0.5, -0.75, -0.25]
[1.1875, -0.6875, 0.25]
[1.1875, -0.6875, 0.25]
[1.1875, -0.6875, 0.25]
[0.875, -0.625, 0.3125]
[1.0, -0.75, 0.1875]
[1.0, -0.75, 0.1875]
[0.875, -0.9375, -0.1875]
[0.875, -0.9375, -0.1875]
[0.875, -0.9375, -0.1875]
[0.9375, -0.375, -0.25]
[0.9375, -0.375, -0.25]
[0.9375, -0.375, -0.25]
[0.375, -0.5625, 0.0625]
[0.375, -0.5625, 0.0625]
[-0.3125, 0.1875, 0.1875]
[-0.3125, 0.1875, 0.1875]
[-0.3125, 0.1875, 0.1875]
[0.125, 0.25, 0.4375]
[0.125, 0.25, 0.4375]
[0.1875, 0.1875, 0.25]
[0.1875, 0.1875, 0.25]
[0.5, 0.375, 0.0625]
[0.5, -0.0625, -0.125]
[0.5, -0.0625, -0.125]
[0.125, -0.25, -0.125]
[0.125, -0.25, -0.125]
[0.125, -0.25, -0.125]
[0.625, -0.1875, -0.0625]
[0.625, -0.1875, -0.0625]
[0.6875, -0.1875, -0.0625]
[0.6875, -0.1875, -0.0625]
[0.375, -0.5625, 0.0]
[0.375, -0.5625, 0.0]
[0.375, -0.5625, 0.0]
[0.6875, -0.5, 0.125]
[0.6875, -0.5, 0.125]
[0.5, -0.875, 0.3125]
[0.5, -0.875, 0.3125]
[0.8125, -0.75, 0.375]
[1.0, -0.9375, 0.1875]
[1.0, -0.9375, 0.1875]
[1.0, -0.9375, 0.1875]
[0.4375, -1.0, 0.25]
[0.4375, -1.0, 0.25]
[0.625, -0.8125, 0.3125]
[1.0, -0.625, 0.5625]
[1.0, -0.625, 0.5625]
[1.0, -0.625, 0.5625]
[1.0, -0.625, 0.5]
[1.0, -0.625, 0.5]
[0.6875, -0.6875, 0.25]
[0.5, -0.75, 0.3125]
[0.5, -0.75, 0.3125]
[0.5, -0.75, 0.3125]
[0.625, -0.375, 0.4375]
[0.625, -0.375, 0.4375]
[0.4375, -0.5, 0.125]
[0.4375, -0.5, 0.125]
[0.0, -0.1875, 0.1875]
[0.0, -0.1875, 0.1875]
[0.0, -0.1875, 0.1875]
[0.0, -0.3125, -0.125]
[-0.3125, -0.0625, -0.1875]
[-0.6875, 0.0625, -0.125]
[-0.6875, 0.0625, -0.125]
[-0.5, 0.0625, -0.1875]
[-0.5, 0.0625, -0.1875]
[-0.6875, 0.1875, -0.25]
[-0.6875, 0.1875, -0.25]
[-0.6875, 0.1875, -0.25]
[-0.125, 0.25, -0.3125]
[-0.125, 0.25, -0.3125]
[-0.25, 0.125, 0.0]
[-0.25, 0.125, 0.0]
[-0.25, 0.125, 0.0]
[-0.375, 0.1875, -0.4375]
[-0.375, 0.1875, -0.4375]
[0.0, 0.0625, -0.3125]
[0.0, 0.0625, -0.3125]
[-0.5, 0.125, -0.4375]
[-0.5, 0.125, -0.4375]
[0.25, 0.625, -0.25]
[0.25, 0.625, -0.25]
[-1.1875, 0.625, -0.375]
[-1.1875, 0.625, -0.375]
[-1.0, 0.6875, -0.25]
[-1.0, 0.6875, -0.25]
[-0.375, 0.4375, 0.3125]
[-0.375, 0.4375, 0.3125]
[0.3125, 0.8125, 0.5625]
[0.3125, 0.8125, 0.5625]
[0.0, 0.625, 0.375]
[0.0, 0.625, 0.375]
[-0.3125, 0.75, 0.25]
[-0.3125, 0.75, 0.25]
[-0.25, 1.0625, 0.3125]
[-0.25, 1.0625, 0.3125]
[-0.1875, 1.125, 0.4375]
[-0.1875, 1.125, 0.4375]
[-0.1875, 1.125, 0.4375]
[-1.0, 0.875, -0.0625]
[-1.0, 0.875, -0.0625]
[-1.5625, 0.8125, -0.25]
[-1.5625, 0.8125, -0.25]
[-1.5625, 0.8125, -0.25]
[-1.8125, 0.125, -0.6875]
[-1.0625, -0.4375, -0.5]
[-1.0625, -0.4375, -0.5]
[-1.0625, -0.4375, -0.5]
[-0.1875, -0.25, 0.0]
[-0.1875, -0.25, 0.0]
[-0.1875, -0.25, 0.0]
[0.125, -0.125, -0.1875]
[0.125, 0.0, -0.125]
[0.125, 0.0, -0.125]
[0.5, 0.6875, 0.125]
[0.5, 0.6875, 0.125]
[0.5, 0.6875, 0.125]
[-0.5, 1.0, -0.125]
[-0.5, 1.0, -0.125]
[-0.25, 0.9375, -0.3125]
[-0.25, 0.9375, -0.3125]
[-0.25, 0.9375, -0.3125]
[-0.5625, 0.5625, -0.4375]
[-0.5625, 0.5625, -0.4375]
[-1.0, 0.875, -0.4375]
[-1.0, 0.875, -0.4375]
[-1.0, 0.875, -0.5]
[-0.875, 0.875, -0.25]
[-0.9375, 0.9375, 0.1875]
[-0.9375, 0.9375, 0.1875]
[-0.9375, 0.9375, 0.1875]
[-0.9375, 0.9375, 0.1875]
[-1.0, 0.75, 0.0625]
[-1.0, 0.75, 0.0625]
[-0.625, 0.4375, -0.0625]
[-0.625, 0.4375, -0.0625]
[-0.375, 0.1875, -0.1875]
[-0.5, 0.1875, -0.1875]
[-0.5, 0.1875, -0.1875]
[-0.0625, 0.0625, 0.0]
[-0.0625, 0.0625, 0.0]
[0.3125, 0.0625, 0.125]
[0.3125, 0.0625, 0.125]
[0.3125, 0.0625, 0.125]
[0.4375, 0.25, 0.125]
[0.4375, 0.25, 0.125]
[0.4375, 0.25, 0.125]
[0.1875, 0.125, 0.0]
[0.1875, 0.125, 0.0]
[0.0625, 0.1875, -0.125]
[0.0625, 0.1875, -0.125]
[-0.4375, 0.4375, 0.0625]
[-0.3125, 0.75, 0.3125]
[-0.3125, 0.75, 0.3125]
[-0.3125, 0.75, 0.3125]
[-0.8125, 0.625, 0.1875]
[-0.125, 0.875, 0.25]
[-0.125, 0.875, 0.25]
[-0.125, 0.875, 0.25]
[-0.4375, 0.3125, 0.125]
[-0.4375, 0.3125, 0.125]
[-0.4375, 0.3125, 0.125]
[-0.4375, 0.3125, 0.125]
[-0.0625, 0.3125, 0.0]
[-0.3125, 0.5625, -0.25]
[-0.3125, 0.5625, -0.25]
[-0.3125, 0.5625, -0.25]
[-0.125, 0.0, -0.125]
[-0.125, 0.0, -0.125]
[0.25, 0.3125, 0.125]
[0.25, 0.3125, 0.125]
[0.25, 0.125, 0.25]
[0.25, 0.125, 0.25]
[0.25, 0.125, 0.25]
[-0.4375, -0.0625, 0.0]
[-0.4375, -0.0625, 0.0]
[-0.4375, -0.0625, 0.0]
[-0.5, 0.0625, -0.125]
[-0.5, 0.0625, -0.125]
[-0.5625, 0.4375, -0.125]
[-0.5625, 0.4375, -0.125]
[-0.6875, 0.5, -0.25]
[-0.6875, 0.5, -0.25]
[-0.6875, 0.75, -0.0625]
[-0.6875, 0.75, -0.0625]
[-0.6875, 0.75, -0.0625]
[-0.6875, 0.75, -0.0625]
[-0.6875, 0.75, -0.0625]
[-0.6875, 0.75, -0.0625]
[-0.5625, 0.5, 0.125]
[-0.5625, 0.5, 0.125]
[-0.0625, 0.3125, 0.0625]
[-0.125, 0.375, 0.0625]
[-0.125, 0.375, 0.0625]
[-0.125, 0.375, 0.0625]
[-1.0625, 0.375, -0.625]
[-1.0625, 0.375, -0.625]
[-1.0625, 0.375, -0.3125]
[0.4375, 0.5625, 0.25]
[0.4375, 0.5625, 0.25]
[0.0, 0.625, 0.3125]
[0.0, 0.625, 0.3125]
[0.0, 0.625, 0.3125]
[-0.25, 0.0625, -0.0625]
[-0.25, 0.0625, -0.0625]
[-0.25, 0.0625, -0.0625]
[-0.125, 0.25, 0.125]
[-0.125, 0.25, 0.125]
[-0.125, 0.25, 0.125]
[0.5625, 0.625, 0.5]
[0.5625, 0.625, 0.5]
[0.5625, 0.625, 0.5]
[0.125, -0.125, 0.375]
[0.125, -0.125, 0.375]
[0.0625, -0.375, 0.0]
[0.0625, -0.375, 0.0]
[0.0625, -0.375, 0.0]
[0.0625, -0.375, 0.0]
[0.0625, -0.375, 0.0]
[0.5625, 0.125, 0.25]
[0.5625, 0.125, 0.25]
[0.375, 0.125, -0.25]
[0.375, 0.125, -0.25]
[0.375, 0.125, -0.25]
[0.0625, 0.25, -0.25]
[0.0625, 0.25, -0.25]
[0.0625, 0.25, -0.25]
[0.125, 0.0, 0.0625]
[0.125, 0.0, 0.0625]
[0.125, 0.0, 0.0625]
[0.125, 0.0, 0.0625]
[0.125, 0.0, 0.0625]
[-0.0625, 0.25, -0.0625]
[-0.0625, 0.25, -0.0625]
[-0.0625, 0.25, -0.0625]
[-0.0625, 0.25, -0.0625]
[-0.75, 0.6875, 0.0625]
[-0.75, 0.6875, 0.0625]
[-0.4375, 0.5625, -0.125]
[-0.4375, 0.5625, -0.125]
[-0.4375, 0.5625, -0.125]
[-0.4375, 0.5625, -0.125]
[-0.125, 0.5, 0.3125]
[-0.125, 0.5, 0.3125]
[0.1875, 0.5, 0.3125]
[0.1875, 0.5, 0.3125]
[0.1875, 0.5, 0.3125]
[0.1875, 0.5, 0.3125]
[-0.4375, 0.6875, -0.125]
[-0.4375, 0.6875, -0.125]
[-0.625, 0.4375, -0.0625]
[-0.625, 0.4375, -0.0625]
[-0.625, 0.4375, -0.0625]
[-0.625, 0.4375, -0.0625]
[0.25, 0.125, 0.0]
[0.25, 0.125, 0.0]
[0.0625, -0.1875, 0.0625]
[0.0625, -0.1875, 0.0625]
[0.0625, -0.1875, 0.0625]
[0.4375, 0.0, 0.0625]
[0.4375, 0.0, 0.0625]
[0.4375, 0.0, 0.0625]
[0.0, -0.0625, 0.1875]
[0.0, -0.0625, 0.1875]
[0.0, -0.0625, 0.1875]
[0.75, -0.8125, 0.125]
[0.75, -0.8125, 0.125]
[0.75, -0.8125, 0.125]
[0.5, -0.875, 0.0625]
[0.5, -0.875, 0.0625]
[0.5, -0.875, 0.0625]
[0.9375, -0.125, -0.4375]
[0.9375, -0.125, -0.4375]
[0.9375, -0.125, -0.4375]
[0.1875, -0.0625, -0.1875]
[0.1875, -0.0625, -0.1875]
[0.1875, -0.0625, -0.1875]
[0.4375, 1.0, -0.375]
[0.4375, 1.0, -0.375]
[0.4375, 1.0, -0.375]
[-0.25, 0.625, -0.6875]
[-0.25, 0.625, -0.6875]
[-0.25, 0.625, -0.6875]
[0.125, 0.1875, -1.0625]
[0.125, 0.1875, -1.0625]
[0.125, 0.1875, -1.0625]
[-0.1875, -0.0625, -1.3125]
[-0.1875, -0.0625, -1.3125]
[-0.1875, -0.0625, -1.3125]
[0.0625, -0.5625, -1.0625]
[0.0625, -0.5625, -1.0625]
[0.0, -0.6875, -1.0]
[0.0, -0.6875, -1.0]
[0.0, -0.6875, -1.0]
[0.0, -0.6875, -1.0]
[0.1875, -1.5625, -1.0625]
[0.1875, -1.5625, -1.0625]
[-0.125, -1.9375, -0.4375]
[-0.125, -1.9375, -0.4375]
[-0.125, -1.9375, -0.4375]
[-0.125, -1.9375, -0.4375]
[0.1875, -1.4375, 0.0625]
[0.1875, -1.4375, 0.0625]
[0.1875, -1.4375, 0.0625]
[-0.1875, -0.5625, 0.5625]
[-0.1875, -0.5625, 0.5625]
[-0.1875, -0.5625, 0.5625]
[-0.1875, -0.5625, 0.5625]
[-0.3125, 2.3125, -0.3125]
[-2.375, 2.75, -1.625]
[-2.375, 2.75, -1.625]
[-2.375, 2.75, -1.625]
[-2.375, 2.75, -1.625]
[-3.8125, 1.6875, -5.3125]
[-3.8125, 1.6875, -5.3125]
[-2.5, 1.375, -7.25]
[-2.5, 1.375, -7.25]
[-2.5, 1.375, -7.25]
[-2.5, 1.375, -7.25]
[-1.6875, -1.0, -9.25]
[-1.6875, -1.0, -9.25]
[-0.25, -0.4375, -9.0625]
[-0.25, -0.4375, -9.0625]
[-0.25, -0.4375, -9.0625]
[0.125, 2.0, -6.625]
[0.125, 2.0, -6.625]
[0.125, 2.0, -6.625]
[-0.6875, 4.3125, -5.4375]
[-0.6875, 4.3125, -5.4375]
[-0.6875, 4.3125, -5.4375]
[-2.625, 8.75, -5.1875]
[-2.625, 8.75, -5.1875]
[-2.625, 8.75, -5.1875]
[-4.8125, 9.0, -5.625]
[-4.8125, 9.0, -5.625]
[-4.8125, 9.0, -5.625]
[-4.8125, 9.0, -5.625]
[-6.1875, 7.5625, -6.5]
[-5.3125, 6.5, -5.9375]
[-5.3125, 6.5, -5.9375]
[-5.3125, 6.5, -5.9375]
