[-0.375, 0.1875, -1.0]
[-0.375, 0.1875, -1.0]
[-0.375, 0.1875, -1.0]
[-1.5625, -1.1875, -1.8125]
[-1.5625, -1.1875, -1.8125]
[-1.5625, -1.1875, -1.8125]
[-1.375, -2.25, -2.0625]
[-1.0, -3.5, -1.5]
[-1.0, -3.5, -1.5]
[-1.0, -3.5, -1.5]
[0.125, -3.9375, -1.0]
[2.0, -4.625, -1.0]
[2.0, -4.625, -1.0]
[3.5, -5.25, -1.5]
[3.5, -5.25, -1.5]
[3.5, -5.25, -1.5]
[5.8125, -5.25, -0.5]
[5.8125, -5.25, -0.5]
[6.625, -4.75, 0.0]
[6.625, -4.75, 0.0]
[6.625, -4.75, 0.0]
[5.625, -4.375, 0.5]
[5.625, -4.375, 0.5]
[4.375, -3.3125, -0.1875]
[4.375, -3.3125, -0.1875]
[4.375, -3.3125, -0.1875]
[2.5625, -1.8125, -1.6875]
[2.5625, -1.8125, -1.6875]
[0.25, -3.0, -3.0]
[0.25, -3.0, -3.0]
[0.25, -3.0, -3.0]
[0.25, -3.0, -3.0]
[2.1875, -8.5625, -5.25]
[4.25, -10.5, -5.5]
[4.25, -10.5, -5.5]
[4.25, -10.5, -5.5]
[4.25, -10.5, -5.5]
[4.25, -10.5, -5.5]
[7.3125, -12.4375, -5.625]
[8.5625, -13.3125, -5.3125]
[8.5625, -13.3125, -5.3125]
[10.9375, -12.375, -4.25]
[10.9375, -12.375, -4.25]
[11.3125, -11.5, -4.0]
[11.3125, -11.5, -4.0]
[10.125, -11.125, -4.0]
[10.125, -11.125, -4.0]
[10.9375, -11.5625, -3.4375]
[10.9375, -11.5625, -3.4375]
[10.8125, -11.6875, -2.5]
[10.8125, -11.6875, -2.5]
[11.8125, -10.6875, -2.0]
[11.8125, -10.6875, -2.0]
[10.125, -10.5, -2.0625]
[10.125, -10.5, -2.0625]
[10.125, -10.5, -2.0625]
[10.4375, -9.125, -2.75]
[9.25, -7.4375, -2.75]
[9.25, -7.4375, -2.75]
[9.6875, -6.1875, -2.5625]
[9.6875, -6.1875, -2.5625]
[9.6875, -6.1875, -2.5625]
[10.4375, -5.0625, -4.8125]
[10.4375, -5.0625, -4.8125]
[10.4375, -5.0625, -4.8125]
[10.5625, -2.25, -5.3125]
[10.5625, -2.25, -5.3125]
[10.5625, -2.25, -5.3125]
[11.0, -1.6875, -5.6875]
[11.875, -2.625, -6.3125]
[11.875, -2.625, -6.3125]
[13.75, -3.125, -6.9375]
[13.75, -3.125, -6.9375]
[14.0625, -3.25, -7.0]
[12.875, -4.1875, -6.5625]
[12.875, -4.1875, -6.5625]
[12.875, -4.1875, -6.5625]
[11.25, -4.8125, -7.25]
[11.25, -4.8125, -7.25]
[10.875, -5.5, -7.5]
[10.1875, -5.125, -6.75]
[10.1875, -5.125, -6.75]
[10.1875, -5.125, -6.75]
[9.0, -3.25, -5.4375]
[9.0, -3.25, -5.4375]
[9.1875, -1.1875, -3.75]
[8.875, -0.875, -2.4375]
[8.875, -0.875, -2.4375]
[8.875, -0.875, -2.4375]
[10.3125, -0.3125, -1.875]
[10.3125, -0.3125, -1.875]
[8.5625, -1.125, -1.3125]
[6.875, -2.0, -0.5625]
[6.875, -2.0, -0.5625]
[3.125, -4.8125, -1.4375]
[3.125, -4.8125, -1.4375]
[3.125, -4.8125, -1.4375]
[-0.9375, -7.0625, -3.125]
[-0.875, -7.4375, -3.3125]
[-0.875, -7.4375, -3.3125]
[-1.125, -7.5625, -2.9375]
[-1.125, -7.5625, -2.9375]
[-1.125, -7.5625, -2.9375]
[-3.3125, -9.9375, -3.375]
[-3.3125, -9.9375, -3.375]
[-1.0, -12.625, -4.0]
[-1.0, -12.625, -4.0]
[-1.0, -12.625, -4.0]
[1.0, -13.75, -3.25]
[1.0, -13.75, -3.25]
[3.1875, -12.4375, -1.5]
[3.1875, -12.4375, -1.5]
[4.1875, -10.9375, -0.3125]
[4.1875, -10.9375, -0.3125]
[4.1875, -10.9375, -0.3125]
[2.3125, -9.1875, 0.875]
[2.3125, -9.1875, 0.875]
[0.9375, -6.875, 1.625]
[0.9375, -3.9375, 1.4375]
[0.9375, -3.9375, 1.4375]
[0.9375, -3.9375, 1.4375]
[1.3125, -2.3125, 1.625]
[1.3125, -2.3125, 1.625]
[1.1875, -1.9375, 2.3125]
[0.5, -0.9375, 3.0625]
[0.5, -0.9375, 3.0625]
[0.5, -0.9375, 3.0625]
[0.5, 0.8125, 2.375]
[0.5, 0.8125, 2.375]
[-0.8125, 1.1875, 1.25]
[-0.8125, 1.1875, 1.25]
[-2.5625, 0.4375, 0.375]
[-2.5625, 0.4375, 0.375]
[-2.5625, 0.4375, 0.375]
[-2.5625, 0.4375, 0.375]
[-0.75, 1.75, 0.0625]
[-1.875, 2.0, -0.25]
[-1.875, 2.0, -0.25]
[-2.1875, 1.625, -0.4375]
[-2.1875, 1.625, -0.4375]
[-2.1875, 1.625, -0.4375]
[-1.625, 1.9375, 0.125]
[-0.875, 2.5625, 0.625]
[-0.875, 2.5625, 0.625]
[-1.3125, 2.4375, 0.6875]
[-1.3125, 2.4375, 0.6875]
[-1.6875, 2.0, 0.1875]
[-1.6875, 2.0, 0.1875]
[-1.3125, 1.9375, -0.1875]
[-1.3125, 1.9375, -0.1875]
[-0.4375, 2.375, 0.125]
[-0.4375, 2.375, 0.125]
[-1.1875, 1.9375, 0.5]
[-1.1875, 1.9375, 0.5]
[-0.5625, 2.25, 0.375]
[-0.5625, 2.25, 0.375]
[-0.625, 1.1875, -0.3125]
[-0.625, 1.1875, -0.3125]
[-0.625, 1.1875, -0.3125]
[-0.9375, 0.375, -0.375]
[-0.1875, 0.8125, -0.125]
[-0.1875, 0.8125, -0.125]
[-0.1875, 0.8125, -0.125]
[-0.1875, 0.8125, -0.0625]
[0.1875, 0.3125, -0.5625]
[0.1875, 0.3125, -0.5625]
[-0.375, -0.4375, -0.5]
[-0.375, -0.4375, -0.5]
[0.5625, -0.375, -0.8125]
[0.5625, -0.375, -0.8125]
[0.3125, -0.25, -0.625]
[0.3125, -0.25, -0.625]
[-0.1875, -0.5, -0.875]
[-0.1875, -0.5, -0.875]
[0.3125, -0.6875, -1.0]
[0.3125, -0.6875, -1.0]
[0.25, -0.375, -0.875]
[0.25, -0.375, -0.875]
[-0.4375, -0.125, -0.8125]
[-0.4375, -0.125, -0.8125]
[0.0, -0.3125, -0.75]
[0.0, -0.3125, -0.75]
[0.125, -0.625, -1.0]
[-0.125, -0.4375, -0.8125]
[-0.125, -0.4375, -0.8125]
[-0.125, -0.4375, -0.8125]
[-0.25, 0.0625, -0.375]
[-0.25, 0.0625, -0.375]
[-0.25, 0.0625, -0.375]
[-0.375, 0.0, -0.1875]
[-0.0625, 0.0, -0.0625]
[-0.0625, 0.0, -0.0625]
[-0.5625, 0.25, -0.25]
[-0.5625, 0.25, -0.25]
[-0.5625, 0.5, -0.125]
[-0.3125, 0.3125, 0.0625]
[-0.3125, 0.3125, 0.0625]
[-0.3125, 0.3125, 0.0625]
[-0.625, -0.125, -0.1875]
[-0.625, -0.125, -0.1875]
[-0.3125, -0.125, -0.125]
[-0.3125, -0.125, -0.125]
[-0.3125, -0.125, -0.125]
[-1.0, -0.1875, -0.1875]
[-1.0, -0.1875, -0.1875]
[-1.0, -0.1875, -0.1875]
[-1.0, -0.1875, -0.1875]
[-1.0, -0.1875, -0.1875]
[-1.1875, -0.375, -0.375]
[-1.1875, -0.375, -0.375]
[-0.125, 0.125, 0.1875]
[-0.125, 0.125, 0.1875]
[0.5, 0.3125, 0.1875]
[-0.8125, 0.0, -0.125]
[-0.5, 0.1875, -0.3125]
[-0.5, 0.1875, -0.3125]
[-0.5, 0.1875, -0.3125]
[-0.9375, 0.375, -0.0625]
[-0.9375, 0.375, -0.0625]
[-0.625, 0.5625, 0.25]
[-0.625, 0.5625, 0.25]
[-0.875, 0.25, 0.25]
[-1.0, 0.0625, 0.0]
[-1.0, 0.0625, 0.0]
[-1.0, 0.0625, 0.0]
[-1.5625, 0.3125, -0.1875]
[-1.5625, 0.3125, -0.1875]
[-1.0625, 0.6875, -0.25]
[-1.0625, 0.6875, -0.25]
[-1.4375, 0.8125, -0.0625]
[-1.4375, 0.8125, -0.0625]
[-1.4375, 0.8125, -0.0625]
[-1.4375, 0.8125, -0.0625]
[-0.75, 1.0, 0.25]
[-0.75, 1.0, 0.25]
[-0.6875, 0.875, 0.375]
[-0.6875, 0.875, 0.375]
[-0.375, 0.9375, 0.4375]
[-0.375, 0.9375, 0.4375]
[0.4375, 0.4375, 0.6875]
[0.4375, 0.4375, 0.6875]
[-0.3125, -0.4375, 0.4375]
[-0.3125, -0.4375, 0.4375]
[0.125, 0.0, 0.4375]
[-0.75, 0.5, 0.0]
[-0.75, 0.5, 0.0]
[-0.9375, 0.375, -0.1875]
[-0.9375, 0.375, -0.1875]
[-0.625, 0.375, 0.1875]
[-0.625, 0.375, 0.1875]
[0.0, 0.3125, 0.5625]
[0.0, 0.3125, 0.5625]
[-0.1875, 0.1875, 0.3125]
[-0.1875, 0.1875, 0.3125]
[-0.25, 0.4375, -0.0625]
[-0.3125, 0.25, -0.125]
[-0.3125, 0.25, -0.125]
[-0.3125, 0.25, -0.125]
[0.5, -0.125, -0.0625]
[0.5, -0.125, -0.0625]
[0.25, -0.0625, 0.0625]
[0.25, -0.0625, 0.0625]
[0.25, -0.0625, 0.0625]
[0.1875, 0.25, 0.0625]
[0.1875, 0.25, 0.0625]
[0.1875, 0.25, 0.0625]
[0.0625, 0.0625, -0.0625]
[0.0625, 0.0625, -0.0625]
[-0.1875, 0.0625, -0.0625]
[-0.1875, 0.0625, -0.0625]
[-0.1875, -0.125, 0.0]
[-0.1875, -0.125, 0.0]
[-0.1875, -0.125, 0.0]
[0.3125, -0.0625, 0.0]
[0.3125, -0.0625, 0.0]
[0.0625, -0.0625, -0.0625]
[0.0625, -0.0625, -0.0625]
[0.0625, -0.0625, -0.0625]
[-0.1875, 0.1875, -0.125]
[-0.1875, 0.1875, -0.125]
[0.0625, 0.375, 0.0]
[0.0625, 0.375, 0.0]
[-0.0625, 0.125, 0.0]
[0.5625, 0.0, -0.1875]
[0.5625, 0.0, -0.1875]
[0.375, -0.0625, 0.0]
[0.375, -0.0625, 0.0]
[-0.375, 0.0, -0.125]
[-0.375, 0.0, -0.125]
[0.375, 0.25, -0.1875]
[0.375, 0.25, -0.1875]
[-0.25, -0.3125, -0.3125]
[-0.25, -0.3125, -0.3125]
[-0.1875, -0.5, -0.1875]
[-0.1875, -0.5, -0.1875]
[0.3125, 0.0625, 0.0]
[0.3125, 0.0625, 0.0]
[0.25, -0.0625, -0.0625]
[0.25, -0.0625, -0.0625]
[0.5, -0.375, 0.0625]
[0.5, -0.375, 0.0625]
[-0.0625, 0.0625, 0.1875]
[0.5, -0.1875, 0.375]
[0.5, -0.1875, 0.375]
[0.5, -0.1875, 0.375]
[0.0625, -0.3125, 0.1875]
[0.0625, -0.3125, 0.1875]
[-0.125, -0.375, -0.3125]
[-0.125, -0.375, -0.3125]
[-0.875, -0.375, -0.5]
[-0.875, -0.375, -0.5]
[-0.8125, -0.3125, 0.125]
[-0.8125, -0.3125, 0.125]
[-0.8125, -0.3125, 0.125]
[0.9375, 0.0625, 0.75]
[0.9375, 0.0625, 0.75]
[0.9375, 0.0625, 0.75]
[0.625, -0.1875, 0.625]
[0.625, -0.1875, 0.625]
[-0.5, -0.4375, 0.125]
[-0.1875, 0.25, 0.0625]
[-0.1875, 0.25, 0.0625]
[0.0, 0.5625, 0.3125]
[0.0, 0.5625, 0.3125]
[0.0, 0.375, 0.625]
[0.0, 0.375, 0.625]
[0.0, 0.375, 0.625]
[0.0, 0.375, 0.625]
[-0.4375, 0.125, 0.3125]
[-0.4375, 0.125, 0.3125]
[-1.0, 0.375, 0.1875]
[-1.0, 0.375, 0.1875]
[-1.0, 0.375, 0.1875]
[-1.0, 0.375, 0.1875]
[-0.3125, 0.8125, 0.5625]
[-0.3125, 0.8125, 0.5625]
[-1.0625, 0.4375, 0.375]
[-1.0625, 0.4375, 0.375]
[-1.0625, 0.4375, 0.375]
[-1.0625, 0.4375, 0.375]
[-1.0625, 0.4375, 0.375]
[-1.1875, 1.25, 0.0625]
[-1.1875, 1.25, 0.0625]
[-0.125, 0.75, 0.25]
[-0.125, 0.75, 0.25]
[-0.125, 0.75, 0.25]
[-0.125, 0.75, 0.5625]
[-0.125, 0.75, 0.5625]
[-0.0625, 0.5625, 0.1875]
[-0.0625, 0.5625, 0.1875]
[-0.0625, 0.5625, 0.1875]
[-0.0625, 0.5625, 0.1875]
[-0.0625, -0.0625, -0.1875]
[-0.0625, -0.0625, -0.1875]
[0.0, -0.3125, 0.0]
[0.0, -0.3125, 0.0]
[0.0, -0.3125, 0.0]
[0.0, -0.3125, 0.0]
[0.625, 0.0, 0.25]
[0.625, 0.0, 0.25]
[-0.125, -0.4375, -0.125]
[-0.125, -0.4375, -0.125]
[-0.125, -0.4375, -0.125]
[-0.125, -0.4375, -0.125]
[0.25, 0.0625, 0.125]
[0.25, 0.0625, 0.125]
[-0.3125, -0.125, 0.0625]
[-0.3125, -0.125, 0.0625]
[-0.3125, -0.125, 0.0625]
[-0.3125, -0.125, 0.0625]
[-0.1875, -0.1875, -0.1875]
[-0.1875, -0.1875, -0.1875]
[-0.1875, -0.1875, -0.1875]
[-0.375, -0.125, -0.25]
[-0.375, -0.125, -0.25]
[-0.375, -0.125, -0.25]
[-0.25, 0.125, 0.0]
[-0.25, 0.125, 0.0]
[0.1875, -0.0625, 0.3125]
[0.1875, -0.0625, 0.3125]
[0.1875, -0.0625, 0.3125]
[0.1875, -0.0625, 0.3125]
[-0.25, 0.0, 0.125]
[-0.25, 0.0, 0.125]
[-0.8125, 0.0, 0.125]
[-0.8125, 0.0, 0.125]
[-0.8125, 0.0, 0.125]
[-0.625, -0.0625, 0.3125]
[-0.625, -0.0625, 0.3125]
[-0.625, -0.0625, 0.3125]
[-0.25, 0.375, 0.375]
[-0.25, 0.375, 0.375]
[-0.25, 0.375, 0.375]
[-0.25, 0.375, 0.375]
[-0.25, 0.375, 0.375]
[-0.25, 0.375, 0.375]
[-0.25, 0.375, 0.375]
[-0.75, 0.125, -0.1875]
[-0.75, 0.125, -0.1875]
[-0.75, 0.125, -0.1875]
[-0.75, 0.125, -0.1875]
[-0.75, 0.125, -0.1875]
[-0.75, 0.125, -0.1875]
[-0.5625, 0.3125, -0.0625]
[-0.5625, 0.3125, -0.0625]
[-0.5625, 0.3125, -0.0625]
[0.0, 0.0, 0.375]
[0.1875, -0.375, 0.25]
[0.1875, -0.375, 0.25]
[0.1875, -0.375, 0.25]
[0.1875, -0.375, 0.25]
[0.1875, -0.375, 0.25]
[-0.1875, -0.5625, -0.25]
[-0.1875, -0.5625, -0.25]
[-0.1875, -0.5625, -0.25]
[-0.1875, -0.5625, -0.25]
[-0.1875, -0.5625, -0.25]
[-0.1875, -0.5625, -0.25]
[-0.1875, -0.5625, -0.25]
[-0.1875, -0.5625, -0.25]
[-2.5, -0.4375, -0.125]
[-2.5, -0.4375, -0.125]
[-2.5, -0.4375, -0.125]
[-2.5, -0.4375, -0.125]
[-2.5, -0.4375, -0.125]
[-2.5, -0.4375, -0.125]
[-2.5, -0.4375, -0.125]
[-0.25, 0.1875, 0.125]
[-0.25, 0.1875, 0.125]
[-0.25, 0.1875, 0.125]
[-0.25, 0.1875, 0.125]
[-0.25, 0.1875, 0.125]
[-0.125, 0.0625, 0.5]
[-0.125, 0.0625, 0.5]
[-0.125, 0.0625, 0.5]
[-0.3125, -0.25, 0.0625]
[-0.3125, -0.25, 0.0625]
[-0.3125, -0.25, 0.0625]
[-0.3125, -0.25, 0.0625]
[-0.3125, -0.25, 0.0625]
[-0.3125, -0.25, 0.0625]
[-0.3125, -0.25, 0.0625]
[-0.3125, -0.25, 0.0625]
[-0.3125, -0.25, 0.0625]
[-0.3125, -0.25, 0.0625]
[-0.3125, -0.25, 0.0625]
[-0.3125, -0.25, 0.0625]
[-0.75, 0.9375, 0.1875]
[-0.75, 0.9375, 0.1875]
[-0.75, 0.9375, 0.1875]
[-0.75, 0.9375, 0.1875]
[-0.3125, 0.5, 0.3125]
[-0.3125, 0.5, 0.3125]
[-0.3125, 0.5, 0.3125]
[-0.3125, 0.5, 0.3125]
[-0.4375, 0.0, 0.1875]
[-0.4375, 0.0, 0.1875]
[-0.4375, 0.0, 0.1875]
[-0.4375, 0.0, 0.1875]
[-0.4375, 0.0, 0.1875]
[0.125, -0.4375, 0.1875]
[0.5, -0.375, 0.25]
[0.5, -0.375, 0.25]
[0.5, -0.375, 0.25]
[0.5, -0.375, 0.25]
[0.5, -0.375, 0.25]
[0.5, -0.375, 0.25]
[0.375, -0.5, -0.375]
[0.375, -0.5, -0.375]
[0.375, -0.5, -0.375]
[0.375, -0.5, -0.375]
[0.0, -0.3125, 0.0625]
[0.0, -0.3125, 0.0625]
[0.1875, -0.4375, -0.0625]
[0.1875, -0.4375, -0.0625]
[0.1875, -0.4375, -0.0625]
[0.1875, -0.3125, -0.25]
[0.1875, -0.3125, -0.25]
[0.1875, -0.3125, -0.25]
[0.1875, -0.3125, -0.25]
[-0.1875, -0.3125, -0.0625]
[-0.1875, -0.3125, -0.0625]
[-0.1875, -0.3125, -0.0625]
[-0.1875, -0.3125, -0.0625]
[0.375, -0.9375, 0.0625]
[0.375, -0.9375, 0.0625]
[0.375, -0.9375, 0.0625]
[0.375, -0.9375, 0.0625]
[0.125, -1.0625, 0.0625]
[0.125, -1.0625, 0.0625]
[0.3125, -1.0625, 0.0]
[0.3125, -1.0625, 0.0]
[0.3125, -1.0625, 0.0]
[0.3125, -1.0625, 0.0]
[0.4375, -0.8125, 0.4375]
[0.4375, -0.8125, 0.4375]
[0.4375, -0.5625, 0.5625]
[0.4375, -0.5625, 0.5625]
[0.4375, -0.5625, 0.5625]
[0.4375, -0.5625, 0.5625]
[0.4375, -0.5625, 0.5625]
[0.1875, -0.625, 0.0625]
[0.1875, -0.625, 0.0625]
[0.0, -1.0, 0.0625]
[0.0, -1.0, 0.0625]
[0.0, -1.0, 0.0625]
[0.0, -1.0, 0.0625]
[0.0, -1.0, 0.0625]
[0.4375, -0.125, 0.125]
[0.4375, -0.125, 0.125]
[0.4375, -0.125, 0.125]
[0.4375, -0.125, 0.125]
[0.4375, -0.125, 0.125]
[0.0, -0.6875, 0.1875]
[0.0, -0.6875, 0.1875]
[0.5625, -0.375, 0.3125]
[0.5625, -0.375, 0.3125]
[0.5625, -0.375, 0.3125]
[0.375, -0.8125, 0.125]
[0.375, -0.8125, 0.125]
[0.4375, -0.875, 0.0625]
[0.4375, -0.875, 0.0625]
[0.4375, -0.875, 0.0625]
[0.4375, -0.875, 0.0625]
[-0.5625, -0.6875, -0.3125]
[-0.5625, -0.6875, -0.3125]
[-1.0, -0.4375, 0.375]
[-1.0, -0.4375, 0.375]
[-1.0, -0.4375, 0.375]
[-1.0, -0.4375, 0.375]
[0.9375, -0.1875, 0.5]
[0.9375, -0.1875, 0.5]
[0.9375, -0.1875, 0.5]
[0.4375, 0.125, 0.4375]
[0.4375, 0.125, 0.4375]
[0.4375, 0.125, 0.4375]
[0.625, -0.375, -0.3125]
[0.625, -0.375, -0.3125]
[0.75, -0.125, 0.125]
[0.75, -0.125, 0.125]
[0.75, -0.125, 0.125]
[0.75, -0.125, 0.125]
[0.75, -0.125, 0.125]
[0.1875, -0.625, 0.1875]
[0.1875, -0.625, 0.1875]
[0.1875, -0.8125, -0.4375]
[0.1875, -0.8125, -0.4375]
[0.25, 0.0625, 0.1875]
[0.25, 0.0625, 0.1875]
[-0.25, 0.1875, 0.0625]
[-0.25, 0.1875, 0.0625]
[0.0625, 0.3125, -0.1875]
[0.0625, 0.3125, -0.1875]
[0.0625, 0.3125, -0.1875]
[-0.1875, 0.5625, 0.0625]
[-0.25, 1.0, 0.0625]
[-0.25, 1.0, 0.0625]
[-0.0625, 0.625, 0.0]
[-0.0625, 0.625, 0.0]
[-0.0625, 0.625, 0.0]
[0.0, 0.1875, 0.0625]
[0.1875, 0.0, 0.0625]
[0.1875, 0.0, 0.0625]
[-0.375, 0.125, 0.3125]
[-0.375, 0.125, 0.3125]
[-0.375, 0.125, 0.3125]
[-0.375, 0.125, 0.3125]
[-0.5, 0.3125, 0.125]
[-0.0625, 0.0, 0.3125]
[0.0625, -0.25, 0.375]
[0.0625, -0.25, 0.375]
[0.0625, -0.25, 0.375]
[-0.5, -0.0625, -0.0625]
[-0.5, -0.0625, -0.0625]
[-0.4375, 0.1875, -0.125]
[-0.4375, 0.1875, -0.125]
[-0.4375, 0.0625, -0.3125]
[-0.625, 0.375, -0.125]
[-0.625, 0.375, -0.125]
[-0.9375, 0.5625, 0.25]
[-0.9375, 0.5625, 0.25]
[-0.4375, 0.5625, 0.1875]
[-0.4375, 0.5625, 0.1875]
[-0.8125, 0.25, -0.0625]
[-0.8125, 0.25, -0.0625]
[-0.8125, 0.1875, -0.1875]
[-0.8125, 0.1875, -0.1875]
[-0.6875, 0.375, -0.0625]
[-0.6875, 0.375, -0.0625]
[-0.25, 0.1875, -0.0625]
[-0.25, 0.1875, -0.0625]
[0.0625, -0.125, -0.0625]
[0.0625, -0.125, -0.0625]
[-0.1875, -0.0625, 0.0625]
[-0.1875, -0.0625, 0.0625]
[-0.6875, 0.0625, -0.0625]
[-0.6875, 0.0625, -0.0625]
[-0.125, 0.1875, 0.125]
[-0.125, 0.1875, 0.125]
[-0.625, 0.1875, 0.25]
[-0.625, 0.1875, 0.25]
[-0.625, 0.1875, 0.25]
[-0.625, 0.1875, 0.25]
[-0.5, 0.125, 0.1875]
[0.0, 0.25, 0.25]
[0.0, 0.25, 0.25]
[0.0, 0.25, 0.0625]
[0.0, 0.25, 0.0625]
[0.0, 0.25, 0.0625]
[-0.8125, 0.0, -0.0625]
[-0.8125, 0.0, -0.0625]
[-0.4375, 0.0625, 0.3125]
[-0.4375, 0.0625, 0.3125]
[-0.25, 0.1875, 0.375]
[-0.6875, 0.0, 0.0]
[-0.6875, 0.0, 0.0]
[-0.6875, 0.0, 0.0]
[-0.25, 0.125, 0.0625]
[-0.25, 0.125, 0.0625]
[-0.25, 0.3125, 0.125]
[-0.25, 0.3125, 0.125]
[-0.25, 0.3125, 0.125]
[-1.0625, 0.25, 0.125]
[-1.0625, 0.25, 0.125]
[-0.3125, 0.25, 0.25]
[-0.3125, 0.25, 0.25]
[-0.3125, 0.25, 0.25]
[-1.125, 0.375, -0.125]
[-1.8125, 0.375, -0.75]
[-1.8125, 0.375, -0.75]
[-1.8125, 0.375, -0.75]
[-1.8125, 0.375, -0.75]
[-1.4375, 0.3125, -0.1875]
[-1.4375, 0.3125, -0.1875]
[0.3125, 0.125, 0.625]
[0.3125, 0.125, 0.625]
[0.4375, 0.25, 0.8125]
[0.4375, 0.25, 0.8125]
[0.4375, 0.25, 0.8125]
[0.0625, -0.125, -0.125]
[0.0625, -0.125, -0.125]
[0.0625, -0.125, -0.125]
[0.0625, -0.125, -0.125]
[0.1875, 0.4375, 0.25]
[-0.3125, -0.125, 0.3125]
[-0.3125, -0.125, 0.3125]
[-0.25, 0.0625, 0.125]
[-0.25, 0.0625, 0.125]
[-0.6875, 0.25, -0.1875]
[-0.75, 0.3125, -0.25]
[-0.75, 0.3125, -0.25]
[-0.75, 0.3125, -0.25]
[-0.3125, 0.4375, 0.0]
[-0.3125, 0.4375, 0.0]
[-0.3125, 0.4375, 0.0]
[-0.5, 0.3125, -0.1875]
[-0.25, 0.375, 0.0]
[-0.25, 0.375, 0.0]
[-0.8125, 0.5625, 0.0625]
[-0.8125, 0.5625, 0.0625]
[-0.6875, 0.9375, 0.25]
[-0.6875, 0.9375, 0.25]
[-0.6875, 0.9375, 0.25]
[-0.4375, 0.375, 0.4375]
[-0.375, 0.125, 0.3125]
[-0.375, 0.125, 0.3125]
[-0.375, 0.125, 0.3125]
[-0.375, 0.125, 0.3125]
[-0.25, 0.3125, 0.0625]
[-0.5625, 0.125, 0.0625]
[-0.5625, 0.125, 0.0625]
[-0.5625, 0.125, 0.0625]
[-0.25, -0.1875, 0.1875]
[-0.25, -0.1875, 0.1875]
[-0.125, -0.25, 0.4375]
[-0.375, 0.0, 0.3125]
[-0.375, 0.0, 0.3125]
[-0.375, 0.0, 0.3125]
[-0.375, 0.0, 0.125]
[-0.375, 0.0, 0.125]
[-0.0625, -0.125, -0.0625]
[-0.0625, -0.125, -0.0625]
[-0.125, -0.125, -0.125]
[-0.125, -0.125, -0.125]
[-0.4375, -0.0625, 0.0]
[-0.4375, -0.0625, 0.0]
[-0.4375, -0.0625, 0.0]
[-0.0625, 0.125, 0.125]
[-0.25, 0.125, 0.1875]
[-0.25, 0.125, 0.1875]
[-0.75, 0.0, 0.0625]
[-0.75, 0.0, 0.0625]
[-0.75, 0.0, 0.0625]
[-0.1875, -0.0625, -0.1875]
[-0.5625, -0.25, -0.0625]
[-0.5625, -0.25, -0.0625]
[-0.375, -0.125, 0.0]
[-0.375, -0.125, 0.0]
[-0.5, -0.0625, -0.125]
[-0.125, -0.1875, 0.125]
[-0.125, -0.1875, 0.125]
[-0.125, -0.1875, 0.125]
[-0.3125, -0.25, 0.1875]
[-0.3125, -0.25, 0.1875]
[-0.0625, -0.25, 0.1875]
[-0.0625, -0.25, 0.1875]
[0.125, 0.0, 0.125]
[0.125, 0.0, 0.125]
[-0.3125, -0.3125, 0.0]
[-0.3125, -0.3125, 0.0]
[0.0625, -0.375, 0.0625]
[0.1875, -0.0625, 0.25]
[0.1875, -0.0625, 0.25]
[0.1875, -0.0625, 0.25]
[0.4375, -0.1875, 0.3125]
[0.4375, -0.1875, 0.3125]
[-0.0625, -0.3125, 0.0625]
[-0.0625, -0.3125, 0.0625]
[0.25, -0.4375, -0.125]
[0.0625, -0.1875, -0.1875]
[0.0625, -0.1875, -0.1875]
[0.0625, -0.1875, -0.1875]
[0.1875, -0.25, -0.125]
[0.0, -0.25, -0.0625]
[0.0, -0.25, -0.0625]
[0.5625, -0.0625, 0.0]
[0.5625, -0.0625, 0.0]
[-0.125, -0.0625, -0.0625]
[-0.125, -0.0625, -0.0625]
[-0.25, 0.0625, 0.25]
[-0.25, 0.0625, 0.25]
[0.5, 0.0, 0.375]
[0.5, 0.0, 0.375]
[-0.1875, -0.1875, 0.0]
[-0.1875, -0.1875, 0.0]
[-0.8125, -0.3125, -0.6875]
[-0.8125, -0.3125, -0.6875]
[-0.8125, -0.3125, -0.6875]
[-0.5625, -0.1875, -0.6875]
[-0.5625, -0.1875, -0.6875]
[-0.5, -0.4375, 0.25]
[1.4375, -0.0625, 0.875]
[1.4375, -0.0625, 0.875]
[1.9375, -0.3125, 0.8125]
[1.9375, -0.3125, 0.8125]
[0.1875, -0.125, 0.0]
[0.1875, -0.125, 0.0]
[-0.0625, -0.125, -0.4375]
[-0.0625, -0.125, -0.4375]
[-0.0625, -0.125, -0.4375]
[0.4375, 0.125, -0.3125]
[0.4375, 0.125, -0.3125]
[0.4375, -0.1875, 0.1875]
[0.0625, -0.1875, 0.25]
[0.0625, -0.1875, 0.25]
[0.125, -0.125, -0.125]
[0.125, -0.125, -0.125]
[-0.1875, -0.1875, -0.5]
[-0.1875, -0.1875, -0.5]
[0.4375, -0.25, -0.375]
[0.4375, -0.25, -0.375]
[0.3125, 0.0, 0.125]
[0.3125, 0.0, 0.125]
[0.5, 0.125, 0.125]
[0.5, 0.125, 0.125]
[0.375, 0.25, 0.125]
[0.375, 0.25, 0.125]
[0.0, 0.1875, 0.125]
[0.0, 0.1875, 0.125]
[0.6875, 0.25, 0.0625]
[0.6875, 0.25, 0.0625]
[0.0625, -0.375, 0.25]
[0.0625, -0.375, 0.25]
[0.375, -0.1875, 0.1875]
[0.375, -0.1875, 0.1875]
[0.375, -0.1875, 0.1875]
[0.1875, -0.25, 0.1875]
[0.1875, -0.25, 0.1875]
[-0.3125, -0.4375, 0.0625]
[-0.125, 0.0, 0.125]
[-0.125, 0.0, 0.125]
[-0.0625, 0.125, 0.375]
[-0.0625, 0.125, 0.375]
[0.0625, 0.3125, 0.5625]
[-0.3125, -0.125, 0.4375]
[-0.3125, -0.125, 0.4375]
[-0.3125, -0.125, 0.4375]
[-0.3125, -0.25, 0.125]
[-0.3125, -0.25, 0.125]
[-0.4375, -0.25, -0.0625]
[-0.125, -0.5, -0.0625]
[-0.125, -0.5, -0.0625]
[-0.125, -0.5, -0.0625]
[0.1875, -0.5625, 0.0]
[0.1875, -0.5625, 0.0]
[0.1875, -0.5625, 0.0]
[0.3125, -0.5, 0.0]
[0.3125, -0.5, 0.0]
[0.1875, -0.75, -0.25]
[0.1875, -0.375, -0.1875]
[0.1875, -0.375, -0.1875]
[0.1875, -0.375, -0.1875]
[-0.125, -0.875, -0.1875]
[-0.125, -0.875, -0.1875]
[-0.125, -0.875, -0.1875]
[0.625, -1.125, -0.0625]
[0.625, -1.125, -0.0625]
[0.75, -1.4375, 0.0625]
[0.75, -1.4375, 0.0625]
[0.5625, -1.5, -0.125]
[1.3125, -1.3125, -0.0625]
[1.3125, -1.3125, -0.0625]
[1.3125, -1.3125, -0.0625]
[1.3125, -1.5625, 0.375]
[1.3125, -1.5625, 0.375]
[1.0, -1.5625, 0.3125]
[1.0, -1.5625, 0.3125]
[1.0, -1.1875, 0.1875]
[0.5, -1.125, 0.25]
[0.5, -1.125, 0.25]
[0.1875, -1.125, 0.25]
[0.1875, -1.125, 0.25]
[0.1875, -1.125, 0.25]
[1.0, -1.1875, 0.375]
[1.0, -1.1875, 0.375]
[1.125, -0.8125, 0.375]
[1.125, -0.8125, 0.375]
[0.625, -0.625, 0.125]
[0.625, -0.625, 0.125]
[0.9375, -0.5625, 0.0]
[0.9375, -0.5625, 0.0]
[0.1875, -0.5625, 0.0625]
[0.1875, -0.5625, 0.0625]
[0.1875, -0.5625, 0.0625]
[0.375, -0.375, 0.4375]
[0.375, -0.375, 0.4375]
[0.8125, -0.75, 0.4375]
[0.8125, -0.75, 0.4375]
[0.8125, -0.9375, 0.4375]
[0.8125, -0.9375, 0.4375]
[0.9375, -0.6875, 0.0]
[0.9375, -0.6875, 0.0]
[0.875, -0.625, 0.25]
[0.875, -0.625, 0.25]
[1.125, -0.75, 0.125]
[1.125, -0.75, 0.125]
[1.125, -1.0, -0.3125]
[1.125, -1.0, -0.3125]
[-0.6875, -0.5, -0.6875]
[-0.6875, -0.5, -0.6875]
[-0.625, -0.0625, 0.125]
[-0.625, -0.0625, 0.125]
[0.75, 0.1875, 0.5625]
[0.75, 0.1875, 0.5625]
[0.75, 0.1875, 0.5625]
[1.5, 0.0, 0.375]
[1.5, 0.0, 0.375]
[1.5, 0.0, 0.375]
[0.75, -0.5, 0.0625]
[0.875, -0.0625, -0.125]
[0.875, -0.0625, -0.125]
[1.3125, 0.3125, -0.25]
[1.3125, 0.3125, -0.25]
[1.3125, 0.3125, -0.25]
[1.3125, 0.3125, -0.25]
[0.75, -0.5, 0.5]
[0.75, -0.5, 0.5]
[0.5, -0.625, 0.0625]
[0.5, -0.625, 0.0625]
[0.5, -0.625, 0.0625]
[0.375, -0.4375, -0.5625]
[0.375, -0.4375, -0.5625]
[-0.5625, -0.0625, -0.1875]
[-0.5625, -0.0625, -0.1875]
[-0.6875, 0.8125, -0.25]
[-0.6875, 0.8125, -0.25]
[-1.25, 0.875, -0.375]
[-1.25, 0.875, -0.375]
[-0.875, 0.5625, 0.125]
[-0.875, 0.5625, 0.125]
[-0.25, 0.4375, 0.0625]
[-0.25, 0.4375, 0.0625]
[-0.125, 0.5, -0.0625]
[-0.125, 0.5, -0.0625]
[-0.125, 0.5, -0.0625]
[-0.75, 0.125, -0.375]
[-0.1875, -0.0625, -0.4375]
[-0.1875, -0.0625, -0.4375]
[0.1875, 0.0, -0.375]
[0.1875, 0.0, -0.375]
[0.1875, 0.0, -0.375]
[-0.3125, -0.0625, 0.0625]
[0.25, 0.125, 0.0625]
[0.25, 0.125, 0.0625]
[0.5625, -0.125, 0.0]
[0.5625, -0.125, 0.0]
[0.3125, -0.625, 0.0]
[0.3125, -0.625, 0.0]
[0.125, -0.3125, 0.0625]
[0.125, -0.3125, 0.0625]
[0.375, 0.0, -0.3125]
[-0.125, -0.25, -0.375]
[-0.125, -0.25, -0.375]
[-0.125, -0.25, -0.375]
[-0.375, -0.1875, -0.3125]
[-0.375, -0.1875, -0.3125]
[-0.25, -0.3125, -0.125]
[-0.25, -0.3125, -0.125]
[0.375, 0.0625, -0.0625]
[0.375, 0.0625, -0.0625]
[-0.25, 0.0625, -0.125]
[-0.25, 0.0625, -0.125]
[-0.25, 0.125, -0.25]
[-0.25, 0.125, -0.25]
[0.125, -0.1875, -0.4375]
[0.125, -0.1875, -0.4375]
[0.125, -0.1875, -0.4375]
[0.9375, -0.125, -0.25]
[0.0625, -0.4375, 0.0]
[0.0625, -0.4375, 0.0]
[0.0, 0.0625, 0.3125]
[0.0, 0.0625, 0.3125]
[-0.0625, 0.0, 0.25]
[-0.125, -0.1875, 0.0]
[-0.125, -0.1875, 0.0]
[-0.125, -0.1875, 0.0]
[-0.125, -0.25, -0.125]
[-0.125, -0.25, -0.125]
[-0.125, -0.25, -0.125]
[-0.25, 0.125, -0.0625]
[-0.25, 0.125, -0.0625]
[-0.5, -0.0625, 0.0]
[0.0625, 0.25, 0.3125]
[0.0625, 0.25, 0.3125]
[0.0625, 0.25, 0.3125]
[-0.1875, 0.125, 0.375]
[-0.1875, 0.125, 0.375]
[-0.1875, 0.125, 0.375]
[-0.5, -0.3125, 0.0]
[-0.5, -0.3125, 0.0]
[-0.5, -0.3125, 0.0]
[-0.25, -0.375, -0.1875]
[0.0, -0.1875, 0.0625]
[0.0, -0.1875, 0.0625]
[-0.1875, -0.25, 0.1875]
[-0.1875, -0.25, 0.1875]
[-0.1875, -0.25, 0.1875]
[-0.0625, 0.0625, 0.25]
[-0.0625, 0.0625, 0.25]
[-0.125, 0.125, 0.1875]
[-0.0625, -0.1875, 0.3125]
[-0.0625, -0.1875, 0.3125]
[-0.375, -0.1875, 0.3125]
[-0.375, -0.1875, 0.3125]
[-0.0625, -0.125, -0.0625]
[-0.8125, -0.25, -0.5]
[-0.8125, -0.25, -0.5]
[-0.8125, -0.25, -0.5]
[-1.375, -0.375, -0.5625]
[-1.375, -0.375, -0.5625]
[-0.4375, -0.1875, 0.625]
[1.625, 0.0625, 0.875]
[1.625, 0.0625, 0.875]
[1.625, 0.0625, 0.875]
[0.9375, -0.3125, 0.5625]
[0.9375, -0.3125, 0.5625]
[-0.3125, -0.5, -0.4375]
[0.3125, 0.125, -0.5]
[0.3125, 0.125, -0.5]
[0.0625, 0.1875, -0.125]
[0.0625, 0.1875, -0.125]
[0.0625, 0.1875, -0.125]
[0.1875, 0.0, 0.3125]
[0.875, 0.1875, 0.4375]
[0.875, 0.1875, 0.4375]
[-0.375, -0.1875, 0.0625]
[-0.375, -0.1875, 0.0625]
[-0.375, -0.1875, 0.0625]
[-0.6875, 0.0625, -0.5]
[0.5625, 0.0, -0.25]
[0.5625, 0.0, -0.25]
[0.5625, 0.0, -0.25]
[0.0, 0.25, 0.0]
[-0.5, 0.3125, 0.0625]
[-0.5, 0.3125, 0.0625]
[-0.1875, 0.5625, -0.0625]
[-0.1875, 0.5625, -0.0625]
[-0.1875, 0.5625, -0.0625]
[-0.1875, 0.5625, -0.125]
[-0.1875, 0.5625, -0.125]
[-0.375, 0.5, 0.0]
[-0.0625, 0.3125, 0.0625]
[-0.0625, 0.3125, 0.0625]
[0.1875, 0.125, -0.0625]
[0.1875, 0.125, -0.0625]
[-0.0625, 0.125, -0.375]
[-0.4375, 0.125, -0.625]
[-0.4375, 0.125, -0.625]
[-0.4375, 0.125, -0.625]
[0.0, -0.0625, -0.5625]
[0.0, -0.0625, -0.5625]
[-0.3125, 0.0, -0.125]
[-0.3125, 0.0, -0.125]
[-0.375, -0.5625, -0.0625]
[-0.375, -0.5625, -0.0625]
[-0.375, -0.5625, -0.0625]
[0.4375, -0.625, -0.125]
[0.875, -0.8125, -0.3125]
[0.875, -0.8125, -0.3125]
[0.6875, -1.0625, -0.0625]
[1.0, -1.125, -0.1875]
[1.0, -1.125, -0.1875]
[1.0, -0.875, -0.25]
[1.0, -0.875, -0.25]
[0.5625, -0.6875, 0.0625]
[0.5625, -0.6875, 0.0625]
[0.5625, -0.6875, 0.0625]
[0.0625, -0.75, 0.0625]
[0.0625, -0.75, 0.0625]
[0.0, -0.3125, 0.0]
[-0.0625, -0.125, -0.1875]
[-0.0625, 0.25, 0.0625]
[-0.0625, 0.25, 0.0625]
[-0.0625, 0.25, 0.0625]
[-0.25, 0.125, 0.25]
[-0.25, 0.125, 0.25]
[0.125, 0.0625, 0.125]
[0.125, 0.0625, 0.125]
[0.125, 0.0625, 0.125]
[0.125, 0.0625, 0.125]
[0.125, 0.1875, 0.0625]
[0.125, 0.1875, 0.0625]
[-0.0625, 0.0, 0.0]
[-0.0625, 0.0, 0.0]
[-0.0625, 0.0, 0.0]
[0.25, -0.25, -0.0625]
[0.25, -0.25, -0.0625]
[-0.125, -0.125, 0.125]
[-0.125, -0.125, 0.125]
[-0.125, -0.125, 0.125]
[0.1875, -0.125, 0.125]
[0.1875, -0.125, 0.125]
[-0.0625, 0.125, -0.25]
[-0.0625, 0.125, -0.25]
[-0.0625, 0.125, -0.25]
[-0.0625, 0.125, -0.25]
[0.125, 0.125, 0.125]
[0.125, 0.125, 0.125]
[-0.0625, 0.0, 0.1875]
[-0.0625, 0.0, 0.1875]
[-0.0625, 0.0, 0.1875]
[0.125, -0.125, -0.1875]
[0.125, -0.125, -0.1875]
[0.25, -0.375, -0.1875]
[0.25, -0.375, -0.1875]
[0.25, -0.375, -0.1875]
[0.625, -0.6875, 0.0625]
[0.625, -0.6875, 0.0625]
[0.3125, -0.5625, -0.0625]
[0.3125, -0.5625, -0.0625]
[0.3125, -0.5625, -0.0625]
[0.3125, -0.5625, -0.0625]
[0.8125, -0.4375, 0.0625]
[-0.1875, -0.4375, -0.1875]
[-0.1875, -0.4375, -0.1875]
[-0.1875, -0.4375, -0.1875]
[-0.6875, -0.25, -0.3125]
[-0.6875, -0.25, -0.3125]
[-0.625, 0.0625, -0.625]
[-0.6875, -0.25, 0.0625]
[-0.6875, -0.25, 0.0625]
[0.625, -0.125, 0.5]
[0.625, -0.125, 0.5]
[1.6875, -0.125, 0.5]
[1.6875, -0.125, 0.5]
[0.125, -0.4375, 0.0]
[0.125, -0.4375, 0.0]
[0.125, -0.4375, 0.0]
[-0.3125, -0.25, -0.4375]
[-0.3125, -0.25, -0.4375]
[0.5625, 0.0, -0.3125]
[0.625, -0.1875, 0.25]
[0.625, -0.1875, 0.25]
[-0.0625, -0.4375, 0.5625]
[-0.0625, -0.4375, 0.5625]
[-0.0625, -0.4375, 0.5625]
[0.375, -0.125, 0.0625]
[0.125, -0.125, -0.375]
[0.125, -0.125, -0.375]
[-0.3125, -0.25, -0.5]
[-0.3125, -0.25, -0.5]
[-0.3125, -0.25, -0.5]
[0.1875, 0.1875, 0.5625]
[0.1875, 0.1875, 0.5625]
[0.1875, 0.1875, 0.5625]
[0.0, 0.3125, 0.1875]
[0.0, 0.3125, 0.1875]
[-0.3125, 0.5, -0.125]
[-0.375, 0.25, 0.125]
[-0.375, 0.25, 0.125]
[0.4375, -0.0625, 0.25]
[0.4375, -0.0625, 0.25]
[0.4375, -0.0625, 0.25]
[-0.3125, 0.0, 0.1875]
[-0.125, -0.25, 0.0]
[-0.125, -0.25, 0.0]
[-0.4375, -0.4375, 0.0625]
[-0.4375, -0.4375, 0.0625]
[-0.4375, -0.4375, 0.0625]
[0.3125, -0.375, 0.0625]
[0.125, -0.375, 0.3125]
[0.125, -0.375, 0.3125]
[0.9375, -0.4375, 0.4375]
[0.9375, -0.4375, 0.4375]
[0.9375, -0.4375, 0.4375]
[0.5, -0.75, 0.3125]
[0.5625, -0.875, 0.125]
[0.5625, -0.875, 0.125]
[0.375, -0.875, -0.125]
[0.375, -0.875, -0.125]
[0.5625, -0.6875, 0.0625]
[0.5625, -0.6875, 0.0625]
[0.5, -0.5625, 0.1875]
[0.5, -0.5625, 0.1875]
[0.5625, -1.0, 0.125]
[0.5625, -1.0, 0.125]
[0.5625, -1.0, 0.125]
[0.4375, -1.125, 0.0625]
[0.4375, -1.125, 0.0625]
[0.4375, -0.8125, -0.0625]
[0.4375, -0.8125, -0.0625]
[0.875, -0.5, -0.0625]
[0.875, -0.5, -0.0625]
[0.875, -0.5, -0.0625]
[0.875, -0.5, -0.0625]
[1.0625, -0.9375, 0.25]
[0.625, -1.0, 0.25]
[0.625, -1.0, 0.25]
[0.5, -0.9375, 0.0625]
[0.5, -0.9375, 0.0625]
[0.5, -0.9375, 0.0625]
[1.0625, -1.0625, -0.3125]
[0.4375, -1.0625, -0.25]
[0.4375, -1.0625, -0.25]
[0.3125, -0.9375, 0.0625]
[0.3125, -0.9375, 0.0625]
[0.3125, -0.9375, 0.0625]
[0.5, -0.4375, 0.0]
[0.5, -0.4375, 0.0]
[0.5, -0.4375, 0.0]
[0.5625, -0.625, 0.0]
[0.5625, -0.625, 0.0]
[0.5625, -0.625, 0.0]
[0.5625, -0.625, 0.0]
[0.375, -0.5625, -0.0625]
[0.375, -0.5625, -0.0625]
[0.5625, -0.6875, 0.0625]
[0.5625, -0.6875, 0.0625]
[0.5625, -0.6875, 0.0625]
[1.0, -0.375, 0.125]
[1.0, -0.375, 0.125]
[1.0, -0.375, 0.125]
[0.5625, -0.75, 0.125]
[0.5625, -0.75, 0.125]
[0.5625, -0.75, 0.125]
[0.4375, 0.0625, -0.1875]
[0.4375, 0.0625, -0.1875]
[0.4375, 0.0625, -0.1875]
[0.75, -0.1875, -0.0625]
[0.75, -0.1875, -0.0625]
[0.75, -0.1875, -0.0625]
[0.75, -0.1875, -0.0625]
[0.75, -0.25, 0.125]
[0.5, -0.0625, -0.125]
[0.5, -0.0625, -0.125]
[0.5, -0.0625, -0.125]
[0.5, -0.0625, -0.125]
[0.5, -0.0625, -0.125]
[0.0625, -0.625, 0.0]
[0.0625, -0.625, 0.0]
[0.6875, -0.625, -0.0625]
[0.6875, -0.625, -0.0625]
[0.6875, -0.625, -0.0625]
[-0.5625, -0.1875, 0.0]
[-0.5625, -0.1875, 0.0]
[0.125, 0.0625, 0.6875]
[0.125, 0.0625, 0.6875]
[0.125, 0.0625, 0.6875]
[0.125, 0.0625, 0.6875]
[0.3125, 0.125, 0.1875]
[0.3125, 0.125, 0.1875]
[0.3125, 0.125, 0.1875]
[0.0, 0.0625, -0.3125]
[0.0, 0.0625, -0.3125]
[-0.125, -0.0625, 0.0]
[-0.125, -0.0625, 0.0]
[-0.125, -0.0625, 0.0]
[0.0, -0.0625, 0.1875]
[0.0, -0.0625, 0.1875]
[0.0, -0.0625, 0.1875]
[-0.6875, -0.3125, -0.6875]
[-0.6875, -0.3125, -0.6875]
[-0.6875, -0.3125, -0.6875]
[-0.4375, -0.4375, -0.4375]
[-0.4375, -0.4375, -0.4375]
[-0.4375, -0.4375, -0.4375]
[-0.4375, -0.4375, -0.4375]
[0.3125, 0.0625, 0.3125]
[0.3125, 0.0625, 0.3125]
[0.25, 0.25, 0.0]
[0.25, 0.25, 0.0]
[0.25, 0.25, 0.0]
[-0.375, 0.6875, 0.3125]
[-0.375, 0.6875, 0.3125]
[-0.375, 0.625, 0.5]
[-0.375, 0.625, 0.5]
[-0.375, 0.625, 0.5]
[-0.375, 0.625, 0.5]
[-0.375, 0.625, 0.5]
[-0.375, 0.625, 0.5]
[-0.5, 0.5625, 0.0625]
[-0.5, 0.5625, 0.0625]
[-0.5, 0.5625, 0.0625]
[-0.5, 0.5625, 0.0625]
[-0.5, 0.375, 0.25]
[-0.5, 0.375, 0.25]
[-0.5, 0.375, 0.25]
[0.1875, 0.25, 0.25]
[0.1875, 0.25, 0.25]
[0.1875, 0.25, 0.25]
[0.1875, 0.25, 0.25]
[0.0625, -0.1875, 0.125]
[0.25, -0.0625, -0.1875]
[0.25, -0.0625, -0.1875]
[0.25, -0.0625, -0.1875]
[0.25, -0.0625, -0.1875]
[0.0, -0.3125, 0.0]
[0.0, -0.3125, 0.0]
[0.0, -0.3125, 0.0]
[-0.1875, -0.3125, 0.0625]
[-0.1875, -0.3125, 0.0625]
[-0.1875, -0.3125, 0.0625]
[-0.125, -0.0625, -0.125]
[-0.125, -0.0625, -0.125]
[-0.5, -0.0625, -0.375]
[-0.5, -0.0625, -0.375]
[-0.5, -0.0625, -0.375]
[-0.5, -0.0625, -0.375]
[-0.5, -0.0625, -0.375]
[0.375, -0.1875, -0.1875]
[0.375, -0.1875, -0.1875]
[0.375, -0.1875, -0.1875]
[0.375, -0.1875, -0.1875]
[0.375, -0.1875, -0.1875]
[0.375, -0.1875, -0.1875]
[0.125, -0.0625, -0.1875]
[0.125, -0.0625, -0.1875]
[0.3125, -0.3125, -0.1875]
[0.3125, -0.3125, -0.1875]
[0.3125, -0.3125, -0.1875]
[0.3125, -0.3125, -0.1875]
[-0.375, 0.0, 0.0]
[0.1875, -0.3125, 0.0]
[0.1875, -0.3125, 0.0]
[0.1875, -0.3125, 0.0]
[0.1875, -0.3125, 0.0]
[-0.125, -0.1875, 0.0625]
[-0.125, -0.1875, 0.0625]
[-0.125, -0.1875, 0.0625]
[-0.0625, -0.125, 0.125]
[-0.0625, -0.125, 0.125]
[-0.0625, -0.125, 0.125]
[-0.0625, -0.125, 0.125]
[-0.0625, -0.125, 0.125]
[-0.25, 0.125, -0.0625]
[-0.25, 0.125, -0.0625]
[-0.25, 0.125, -0.0625]
[-0.25, 0.125, -0.0625]
[-0.25, 0.125, -0.0625]
[0.25, -0.3125, 0.0]
[0.25, -0.3125, 0.0]
[0.25, -0.5625, 0.0625]
[0.25, -0.5625, 0.0625]
[0.25, -0.5625, 0.0625]
[0.25, -0.5625, 0.0625]
[0.25, -0.5625, 0.0625]
[-0.25, -0.1875, -0.25]
[-0.25, -0.1875, -0.25]
[-0.25, -0.1875, -0.25]
[-0.25, -0.1875, -0.25]
[0.0625, -0.4375, 0.1875]
[0.0625, -0.4375, 0.1875]
[0.0625, -0.4375, 0.1875]
[0.0625, -0.4375, 0.1875]
[-1.25, -0.375, -0.8125]
[-1.25, -0.375, -0.8125]
[-1.25, -0.375, -0.8125]
[-1.25, -0.375, -0.8125]
[0.1875, -0.5, 0.5625]
[0.1875, -0.5, 0.5625]
[0.1875, -0.5, 0.5625]
[1.375, -0.4375, 0.6875]
[1.375, -0.4375, 0.6875]
[1.375, -0.4375, 0.6875]
[0.0, -1.125, -0.875]
[0.0, -1.125, -0.875]
[0.0625, -0.8125, -0.875]
[0.0625, -0.8125, -0.875]
[0.0625, -0.8125, -0.875]
[0.5625, -0.125, 0.125]
[0.5625, -0.125, 0.125]
[0.5625, -0.125, 0.125]
[0.3125, -0.4375, 0.125]
[0.3125, -0.4375, 0.125]
[0.3125, -0.4375, 0.125]
[-0.375, 0.4375, 0.1875]
[-0.375, 0.4375, 0.1875]
[-0.375, 0.4375, 0.1875]
[0.0, 0.5625, 0.3125]
[0.0, 0.5625, 0.3125]
[0.0, 0.5625, 0.3125]
[-0.375, 0.75, 0.125]
[-0.375, 0.75, 0.125]
[-0.625, 0.625, -0.0625]
[-0.625, 0.625, -0.0625]
[-0.625, 0.625, -0.0625]
[-0.625, 0.625, -0.0625]
[-0.5, 0.6875, 0.3125]
[-0.5, 0.6875, 0.3125]
[-0.25, 0.5, 0.4375]
[-0.25, 0.5, 0.4375]
[-0.25, 0.5, 0.4375]
[-0.25, 0.5, 0.4375]
[-0.125, 0.0, 0.0]
[-0.125, 0.0, 0.0]
[0.125, 0.0, 0.0]
[0.125, 0.0, 0.0]
[0.125, 0.0, 0.0]
[0.125, 0.0, 0.0]
[0.625, 0.0, 0.4375]
[0.625, 0.0, 0.4375]
[0.5625, -0.1875, 0.1875]
[0.5625, -0.1875, 0.1875]
[0.5625, -0.1875, 0.1875]
[0.5625, -0.1875, 0.1875]
[0.0625, -0.1875, 0.0]
[0.0625, -0.1875, 0.0]
[-0.125, 0.0625, -0.0625]
[-0.125, 0.0625, -0.0625]
[-0.125, 0.0625, -0.0625]
[-0.125, 0.0625, -0.0625]
[0.25, -0.125, -0.125]
[0.25, -0.125, -0.125]
[-0.1875, -0.25, -0.0625]
[-0.1875, -0.25, -0.0625]
[-0.1875, -0.25, -0.0625]
[-0.1875, -0.25, -0.0625]
[-0.1875, -0.25, -0.4375]
[-0.1875, -0.25, -0.4375]
[-0.1875, -0.25, -0.4375]
[-0.1875, -0.25, -0.4375]
[0.125, -0.25, -0.25]
[0.125, -0.25, -0.25]
[0.125, -0.25, -0.25]
[0.125, -0.25, -0.25]
[0.25, -0.1875, 0.0]
[0.25, -0.1875, 0.0]
[0.25, -0.1875, 0.0]
[0.25, -0.1875, 0.0]
[-0.375, 0.125, -0.125]
[-0.375, 0.125, -0.125]
[-0.375, 0.125, -0.125]
[-0.5, 0.25, -0.125]
[-0.5, 0.25, -0.125]
[-0.5, 0.25, -0.125]
[-0.5, 0.25, -0.125]
[-0.5, 0.25, -0.125]
[-0.25, 0.125, -0.125]
[-0.25, 0.125, -0.125]
[-0.25, 0.125, -0.125]
[-0.5, -0.1875, -0.125]
[-0.5, -0.1875, -0.125]
[-0.5, -0.1875, -0.125]
[-0.125, -0.0625, 0.125]
[-0.125, -0.0625, 0.125]
[-0.125, -0.0625, 0.125]
[0.0625, -0.1875, -0.1875]
[0.0625, -0.1875, -0.1875]
[-0.5, -0.0625, -0.3125]
[-0.5, -0.0625, -0.3125]
[-0.5, -0.0625, -0.3125]
[-0.5, -0.0625, -0.3125]
[0.0, 0.0625, 0.125]
[-0.1875, 0.0625, 0.1875]
[-0.1875, 0.0625, 0.1875]
[-0.1875, 0.0625, 0.1875]
[-0.1875, 0.0625, 0.1875]
[0.1875, 0.0, -0.125]
[0.1875, 0.0, -0.125]
[0.0, -0.125, 0.1875]
[0.0, -0.125, 0.1875]
[0.0, -0.125, 0.1875]
[0.0, -0.125, 0.1875]
[0.625, -0.8125, 0.375]
[0.625, -0.8125, 0.375]
[0.0625, -0.5625, 0.1875]
[0.0625, -0.5625, 0.1875]
[0.0625, -0.5625, 0.1875]
[0.0625, -0.5625, 0.1875]
[-0.875, -0.4375, -0.5]
[-0.875, -0.4375, -0.5]
[-0.875, -0.4375, -0.5]
[-0.9375, 0.0625, -0.375]
[-0.9375, 0.0625, -0.375]
[1.9375, 0.5625, 0.8125]
[1.9375, 0.5625, 0.8125]
[1.9375, 0.5625, 0.8125]
[0.5, 0.0625, 0.1875]
[0.5, 0.0625, 0.1875]
[0.5, 0.0625, 0.1875]
[0.5, 0.0625, 0.1875]
[0.5, 0.0625, 0.1875]
[0.3125, 0.0625, -0.5625]
[0.375, 0.125, -0.3125]
[0.375, 0.125, -0.3125]
[0.375, 0.125, -0.3125]
[0.375, 0.125, -0.3125]
[0.375, 0.125, -0.3125]
[0.375, 0.125, -0.3125]
[0.375, 0.125, -0.3125]
[0.625, -0.5, -0.0625]
[0.625, -0.5, -0.0625]
[0.625, -0.5, -0.0625]
[0.625, -0.5, -0.0625]
[0.625, -0.125, 0.375]
[0.5, -0.0625, 0.25]
[0.5, -0.0625, 0.25]
[0.5, -0.0625, 0.25]
[0.625, -0.25, -0.0625]
[0.625, -0.25, -0.0625]
[0.5625, -0.5625, -0.25]
[0.5625, -0.5625, -0.25]
[0.5625, -0.5625, -0.25]
[0.75, -0.5, 0.125]
[0.75, -0.5, 0.125]
[0.625, -0.6875, 0.0]
[0.625, -0.6875, 0.0]
[0.625, -0.6875, 0.0]
[0.625, -0.6875, 0.0]
[0.875, -0.75, -0.4375]
[0.875, -0.75, -0.4375]
[0.625, -0.875, -0.25]
[0.625, -0.875, -0.25]
[0.625, -0.875, -0.25]
[1.0, -1.1875, -0.125]
[1.0, -1.1875, -0.125]
[1.1875, -1.3125, -0.125]
[1.1875, -1.3125, -0.125]
[0.8125, -1.0, -0.25]
[0.8125, -1.0, -0.25]
[0.625, -0.8125, -0.25]
[0.625, -0.8125, -0.25]
[0.8125, -0.75, -0.4375]
[0.75, -0.8125, -0.375]
[0.75, -0.8125, -0.375]
[0.75, -0.8125, -0.375]
[0.9375, -0.125, -0.25]
[0.625, -0.375, -0.1875]
[0.625, -0.375, -0.1875]
[0.625, -0.375, -0.1875]
[0.875, -0.8125, -0.4375]
[0.875, -0.8125, -0.4375]
[1.0, -0.875, -0.75]
[1.0, -0.875, -0.75]
[0.6875, -0.75, -0.5625]
[0.625, -0.375, -0.0625]
[0.625, -0.375, -0.0625]
[0.625, -0.375, -0.0625]
[0.625, -0.375, -0.0625]
[0.75, -0.1875, -0.1875]
[1.0, -0.4375, 0.0]
[1.0, -0.4375, 0.0]
[1.0, -0.4375, 0.0]
[0.9375, -0.8125, 0.1875]
[0.9375, -0.8125, 0.1875]
[1.0625, -0.6875, 0.375]
[1.0625, -0.6875, 0.375]
[1.0625, -0.6875, 0.375]
[0.625, -0.75, 0.0625]
[0.625, -0.75, 0.0625]
[0.4375, -0.625, 0.0]
[0.4375, -0.625, 0.0]
[0.4375, -0.625, 0.0]
[0.375, -0.375, -0.0625]
[0.375, -0.375, -0.0625]
[0.5625, -0.125, -0.3125]
[0.5625, -0.125, -0.3125]
[0.75, -0.375, -0.1875]
[0.75, -0.375, -0.1875]
[0.75, -0.375, -0.1875]
[0.6875, -0.5625, 0.125]
[0.6875, -0.5625, 0.125]
[0.75, -0.25, 0.1875]
[0.75, -0.25, 0.1875]
[0.75, -0.25, 0.1875]
[0.8125, -0.375, -0.125]
[0.8125, -0.375, -0.125]
[0.8125, -0.375, -0.125]
[0.625, -0.5, -0.25]
[0.25, -0.4375, -0.125]
[0.25, -0.4375, -0.125]
[1.0625, -0.1875, 0.125]
[1.0625, -0.1875, 0.125]
[0.6875, -0.25, 0.0625]
[0.6875, -0.25, 0.0625]
[0.1875, -0.375, -0.0625]
[0.1875, -0.375, -0.0625]
[0.125, -0.25, 0.0625]
[0.125, -0.25, 0.0625]
[0.25, -0.5625, 0.0625]
[0.25, -0.5625, 0.0625]
[0.3125, -0.375, -0.3125]
[0.3125, -0.375, -0.3125]
[-0.4375, 0.0625, -0.625]
[-0.4375, 0.0625, -0.625]
[-1.4375, 0.1875, -0.875]
[-1.4375, 0.1875, -0.875]
[-1.125, 0.1875, 0.0625]
[-1.125, 0.1875, 0.0625]
[-1.125, 0.1875, 0.0625]
[0.625, 0.3125, 0.6875]
[0.625, 0.3125, 0.6875]
[0.6875, 0.125, 0.3125]
[0.6875, 0.125, 0.3125]
[-0.3125, -0.3125, -0.3125]
[-0.3125, -0.3125, -0.3125]
[-0.25, 0.0625, -0.875]
[-0.0625, 0.625, -0.25]
[-0.0625, 0.625, -0.25]
[-0.0625, 0.625, -0.25]
[0.1875, 0.375, 0.375]
[0.1875, 0.375, 0.375]
[-0.3125, 0.125, 0.5]
[-0.3125, 0.125, 0.5]
[-0.25, 0.0625, -0.125]
[-0.25, 0.0625, -0.125]
[-0.25, 0.0625, -0.125]
[-0.5625, 0.4375, -0.4375]
[-0.5625, 0.4375, -0.4375]
[-0.375, 0.5625, 0.1875]
[-0.375, 0.5625, 0.1875]
[-0.25, 0.5, 0.1875]
[-0.25, 0.5, 0.1875]
[-0.5, 0.6875, -0.125]
[-0.5, 0.6875, -0.125]
[-0.625, 0.6875, 0.0625]
[-0.625, 0.6875, 0.0625]
[-0.125, 0.6875, 0.1875]
[-0.125, 0.6875, 0.1875]
[0.0625, 0.375, 0.25]
[0.0625, 0.375, 0.25]
[-0.3125, 0.125, 0.1875]
[-0.3125, 0.125, 0.1875]
[-0.4375, 0.1875, 0.0]
[-0.5, -0.0625, 0.0]
[-0.5, -0.0625, 0.0]
[-0.5, -0.0625, 0.0]
[-0.25, 0.0, 0.1875]
[-0.25, 0.0, 0.1875]
[-0.5, 0.375, 0.3125]
[-0.5, 0.375, 0.3125]
[0.0625, 0.125, 0.4375]
[0.0625, 0.125, 0.4375]
[0.375, -0.0625, 0.3125]
[0.375, -0.0625, 0.3125]
[0.375, -0.0625, 0.3125]
[0.375, -0.0625, 0.3125]
[-0.1875, 0.25, -0.25]
[-0.1875, 0.25, -0.25]
[-0.4375, 0.0625, -0.125]
[-0.4375, 0.0625, -0.125]
[-0.4375, 0.0625, -0.125]
[-0.375, -0.0625, -0.125]
[-0.5, 0.0625, -0.1875]
[-0.5, 0.0625, -0.1875]
[-0.5625, 0.375, -0.1875]
[-0.5625, 0.375, -0.1875]
[-0.875, 0.1875, -0.125]
[0.0, -0.3125, -0.4375]
[0.0, -0.3125, -0.4375]
[0.0, -0.3125, -0.4375]
[0.375, -0.4375, -0.375]
[0.375, -0.4375, -0.375]
[0.375, -0.4375, -0.375]
[0.0, -0.625, 0.25]
[0.75, -0.6875, 0.25]
[0.375, -0.5625, 0.1875]
[0.375, -0.5625, 0.1875]
[0.375, -0.5625, 0.1875]
[0.4375, -0.5, 0.0625]
[0.4375, -0.5, 0.0625]
[-0.125, -0.3125, 0.125]
[-0.125, 0.125, 0.1875]
[-0.125, 0.125, 0.1875]
[-0.125, 0.125, 0.1875]
[-0.1875, 0.0625, -0.0625]
[-0.1875, 0.0625, -0.0625]
[-0.25, 0.3125, -0.125]
[-0.25, 0.3125, -0.125]
[-0.25, 0.6875, -0.125]
[-0.25, 0.6875, -0.125]
[-0.25, 0.3125, -0.0625]
[-0.25, 0.3125, -0.0625]
[-0.5, 0.125, -0.25]
[0.0625, 0.3125, -0.125]
[0.0625, 0.3125, -0.125]
[0.0625, 0.3125, -0.125]
[0.0625, 0.3125, -0.125]
[0.25, 0.0625, -0.0625]
[-0.125, -0.125, -0.1875]
[-0.125, -0.125, 0.0]
[-0.125, -0.125, 0.0]
[0.625, 0.0, 0.125]
[0.625, 0.0, 0.125]
[0.625, 0.0, 0.125]
[0.125, -0.125, -0.1875]
[0.125, -0.125, -0.1875]
[-0.125, -0.1875, -0.4375]
[-0.125, -0.1875, -0.4375]
[-0.125, -0.1875, -0.4375]
[-0.5, 0.0, -0.0625]
[-0.5, 0.0, -0.0625]
[-0.25, 0.125, -0.25]
[-0.25, 0.125, -0.25]
[0.0, -0.125, -0.3125]
[0.0, -0.125, -0.3125]
[0.0, -0.125, -0.3125]
[-0.4375, 0.125, -0.375]
[-0.875, 0.0, -0.8125]
[-0.875, 0.0, -0.8125]
[-0.875, 0.0, -0.8125]
[-0.375, 0.1875, -0.5625]
[-0.375, 0.1875, -0.5625]
[-0.0625, -0.25, 0.25]
[-0.0625, -0.25, 0.25]
[1.4375, -0.125, 0.5]
[1.4375, -0.125, 0.5]
[0.9375, -0.25, 0.1875]
[0.1875, -0.4375, -0.4375]
[0.1875, -0.4375, -0.4375]
[0.1875, -0.4375, -0.4375]
[-0.125, -0.25, -0.4375]
[-0.125, -0.25, -0.4375]
[-0.125, -0.25, -0.4375]
[0.625, 0.125, -0.25]
[0.625, 0.125, -0.25]
[0.625, 0.125, -0.25]
[-0.125, -0.25, 0.3125]
[-0.125, -0.25, 0.3125]
[0.3125, 0.0625, -0.125]
[0.3125, 0.0625, -0.125]
[-0.4375, 0.25, -0.375]
[-0.3125, 0.1875, -0.3125]
[-0.3125, 0.1875, -0.3125]
[-0.3125, 0.1875, -0.3125]
[-0.0625, 0.25, 0.0625]
[-0.25, 0.5, 0.375]
[-0.25, 0.5, 0.375]
[-0.5, 0.5, -0.0625]
[-0.5, 0.5, -0.0625]
[-0.5, 0.5, -0.0625]
[-0.625, 0.6875, -0.375]
[-0.625, 0.6875, -0.375]
[-0.125, 0.4375, -0.0625]
[-0.1875, 0.3125, 0.4375]
[-0.1875, 0.3125, 0.4375]
[0.0625, 0.3125, 0.5625]
[0.0625, 0.3125, 0.5625]
[-0.1875, 0.125, 0.125]
[-0.1875, 0.125, 0.125]
[-0.4375, 0.0, -0.125]
[-0.4375, 0.0, -0.125]
[-0.4375, 0.0, -0.125]
[-0.4375, 0.0, -0.125]
[-0.5, -0.125, -0.0625]
[-0.5, -0.125, -0.0625]
[0.1875, -0.4375, 0.3125]
[0.1875, -0.4375, 0.3125]
[0.1875, -0.3125, 0.0625]
[0.1875, -0.3125, 0.0625]
[0.1875, -0.3125, 0.0625]
[0.125, -0.0625, -0.25]
[0.125, -0.0625, -0.25]
[-0.0625, -0.3125, -0.25]
[-0.0625, -0.625, 0.125]
[-0.0625, -0.625, 0.125]
[0.3125, -0.1875, 0.125]
[0.3125, -0.1875, 0.125]
[0.125, 0.0, 0.125]
[0.125, 0.0, 0.125]
[0.0625, -0.1875, -0.25]
[0.0625, -0.1875, -0.25]
[0.0625, -0.5, -0.3125]
[0.0625, -0.5, -0.3125]
[0.0, -0.625, -0.1875]
[0.0, -0.625, -0.1875]
[0.375, -0.375, 0.125]
[0.375, -0.375, 0.125]
[0.4375, -0.25, 0.0625]
[0.4375, -0.25, 0.0625]
[0.1875, -0.375, -0.1875]
[0.1875, -0.375, -0.1875]
[0.25, -0.1875, 0.0]
[0.25, -0.1875, 0.0]
[0.0, -0.125, 0.125]
[0.0, -0.125, 0.125]
[-0.25, 0.0, 0.125]
[-0.0625, 0.0625, 0.0]
[-0.0625, 0.0625, 0.0]
[-0.0625, 0.0625, 0.0]
[-0.1875, -0.125, -0.125]
[-0.1875, -0.125, -0.125]
[-0.1875, -0.0625, 0.0]
[0.0, -0.125, -0.0625]
[0.0, -0.125, -0.0625]
[0.0, -0.125, -0.0625]
[0.375, -0.375, -0.125]
[0.375, -0.375, -0.125]
[0.25, -0.375, -0.125]
[0.0625, -0.25, 0.0625]
[0.0625, -0.25, 0.0625]
[0.0625, -0.25, 0.0625]
[0.0625, -0.25, 0.0625]
[0.25, -0.25, 0.0]
[0.25, -0.25, 0.0]
[0.25, -0.25, 0.0]
[0.375, -0.125, -0.125]
[0.125, -0.375, -0.125]
[0.0, -0.375, -0.0625]
[0.0, -0.375, -0.0625]
[-0.0625, -0.3125, -0.0625]
[-0.0625, -0.3125, -0.0625]
[0.4375, -0.125, -0.0625]
[-0.0625, -0.1875, 0.0]
[-0.0625, -0.1875, 0.0]
[-0.0625, -0.1875, 0.0]
[0.5, -0.1875, 0.125]
[-0.25, -0.0625, 0.1875]
[-0.25, -0.0625, 0.1875]
[-0.1875, 0.0, 0.25]
[-0.1875, 0.0, 0.25]
[0.0, -0.125, 0.0625]
[0.0, -0.125, 0.0625]
[-0.25, -0.3125, 0.125]
[-0.25, -0.3125, 0.125]
[-1.1875, -0.3125, -0.25]
[-1.1875, -0.3125, -0.25]
[0.0, -0.1875, -0.1875]
[0.0, -0.1875, -0.1875]
[-0.25, -0.5625, 0.625]
[-0.25, -0.5625, 0.625]
[1.4375, -0.375, 0.8125]
[1.4375, -0.375, 0.8125]
[1.4375, -0.375, 0.8125]
[1.375, -0.6875, 0.4375]
[1.375, -0.6875, 0.4375]
[0.25, -0.625, -0.125]
[0.25, -0.625, -0.125]
[-0.1875, -0.25, -0.375]
[0.875, -0.1875, 0.125]
[0.875, -0.1875, 0.125]
[0.625, -0.8125, 0.375]
[0.625, -0.8125, 0.375]
[0.6875, -0.9375, 0.25]
[0.6875, -0.9375, 0.25]
[0.6875, -0.875, -0.1875]
[0.6875, -0.875, -0.1875]
[0.125, -0.6875, -0.5]
[0.125, -0.6875, -0.5]
[0.625, -0.4375, -0.25]
[0.625, -0.4375, -0.25]
[0.6875, -0.5, 0.3125]
[0.6875, -0.5, 0.3125]
[0.8125, -0.6875, 0.0625]
[0.8125, -0.6875, 0.0625]
[0.3125, -0.4375, -0.0625]
[0.3125, -0.4375, -0.0625]
[0.4375, -0.5625, -0.25]
[0.4375, -0.5625, -0.25]
[0.625, -0.4375, 0.1875]
[0.625, -0.4375, 0.1875]
[0.8125, -0.5625, 0.4375]
[0.8125, -0.5625, 0.4375]
[0.8125, -0.5625, 0.4375]
[0.9375, -0.9375, 0.375]
[0.9375, -0.9375, 0.375]
[0.5, -1.0, 0.1875]
[0.6875, -0.6875, -0.0625]
[0.6875, -0.6875, -0.0625]
[0.5, -0.625, -0.0625]
[0.5, -0.625, -0.0625]
[0.0625, -0.5, 0.0625]
[0.9375, -0.4375, 0.1875]
[0.9375, -0.4375, 0.1875]
[1.3125, -0.5625, 0.3125]
[1.3125, -0.5625, 0.3125]
[1.3125, -0.5625, 0.3125]
[0.625, -0.3125, 0.1875]
[0.625, -0.5, -0.25]
[0.625, -0.5, -0.25]
[0.8125, -0.6875, -0.3125]
[0.8125, -0.6875, -0.3125]
[0.875, -0.5625, -0.0625]
[0.875, -0.5625, -0.0625]
[0.6875, -0.625, 0.0]
[0.6875, -0.625, 0.0]
[0.6875, -0.75, 0.0625]
[0.6875, -0.75, 0.0625]
[1.0625, -0.8125, -0.1875]
[1.0625, -0.8125, -0.1875]
[0.5, -0.9375, -0.1875]
[0.5, -0.9375, -0.1875]
[0.5, -0.9375, -0.1875]
[0.5, -0.9375, -0.1875]
[1.0, -0.5, -0.125]
[1.0, -0.5, -0.125]
[0.6875, -0.1875, -0.0625]
[0.6875, -0.125, -0.3125]
[0.6875, -0.125, -0.3125]
[0.3125, -0.25, -0.1875]
[0.625, -0.375, -0.25]
[0.625, -0.375, -0.25]
[1.125, -0.5625, -0.0625]
[1.125, -0.5625, -0.0625]
[0.6875, -0.625, 0.0]
[0.6875, -0.625, 0.0]
[0.5, -0.5625, -0.0625]
[0.5, -0.5625, -0.0625]
[0.0, -0.5, -0.25]
[0.0, -0.5, -0.25]
[0.375, -0.625, 0.0]
[0.375, -0.625, 0.0]
[0.375, -0.625, 0.0]
[0.3125, -0.9375, 0.0]
[0.625, -0.8125, -0.0625]
[0.625, -0.8125, -0.0625]
[0.625, -0.8125, -0.0625]
[0.8125, -0.8125, -0.1875]
[0.8125, -0.8125, -0.1875]
[0.3125, -0.8125, 0.0]
[0.0, -0.375, -0.3125]
[0.0, -0.375, -0.3125]
[0.0, -0.375, -0.3125]
[0.0, -0.3125, -0.375]
[0.0, -0.3125, -0.375]
[0.0, -0.3125, -0.375]
[-0.375, -0.375, -0.3125]
[-0.25, -0.25, 0.0625]
[-0.25, -0.25, 0.0625]
[-0.0625, 0.0, 0.0]
[0.25, 0.1875, -0.125]
[0.25, 0.1875, -0.125]
[-0.375, 0.0625, -0.5625]
[-0.375, 0.0625, -0.5625]
[-0.375, 0.0625, -0.5625]
[-0.25, -0.0625, -0.25]
[-0.25, -0.0625, -0.25]
[-0.25, -0.0625, -0.25]
[0.375, 0.0625, -0.0625]
[0.375, 0.0625, -0.0625]
[-1.0625, 0.0625, -0.6875]
[-1.0625, 0.0625, -0.6875]
[-1.0625, 0.0625, -0.6875]
[-1.4375, 0.375, -1.0625]
[-0.625, 0.3125, -0.0625]
[-0.625, 0.3125, -0.0625]
[-0.625, 0.3125, -0.0625]
[1.0625, 0.6875, 0.625]
[0.0625, 0.375, 0.375]
[0.0625, 0.375, 0.375]
[-0.5, 0.1875, -0.5625]
[-0.5, 0.1875, -0.5625]
[-0.5, 0.1875, -0.5625]
[0.1875, 0.25, -0.5]
[0.1875, 0.25, -0.5]
[0.25, 0.375, -0.1875]
[0.25, 0.375, -0.1875]
[0.25, 0.375, -0.1875]
[0.5, 0.375, 0.1875]
[0.5, 0.375, 0.1875]
[-0.0625, -0.0625, -0.25]
[-0.0625, -0.0625, -0.25]
[-0.5625, 0.0625, -0.5]
[-0.5625, 0.0625, -0.5]
[0.0, 0.3125, -0.375]
[0.0, 0.3125, -0.375]
[-0.125, 0.0, -0.125]
[-0.125, 0.0, -0.125]
[0.0625, 0.1875, -0.25]
[0.0625, 0.1875, -0.25]
[-0.0625, 0.1875, -0.3125]
[-0.0625, 0.1875, -0.3125]
[-0.1875, 0.4375, 0.0]
[-0.1875, 0.4375, 0.0]
[0.0, 0.4375, -0.0625]
[0.0, 0.4375, -0.0625]
[0.375, -0.0625, -0.1875]
[0.375, -0.0625, -0.1875]
[0.0625, -0.4375, -0.3125]
[0.0625, -0.4375, -0.3125]
[0.25, -0.125, 0.0]
[0.25, -0.125, 0.0]
[0.125, 0.0, 0.0625]
[0.125, 0.0, 0.0625]
[0.125, 0.0, 0.0625]
[0.375, 0.0, -0.1875]
[0.375, 0.0, -0.1875]
[0.4375, -0.1875, 0.0]
[0.3125, -0.3125, 0.0]
[0.3125, -0.3125, 0.0]
[-0.0625, -0.25, 0.0625]
[-0.0625, -0.25, 0.0625]
[0.4375, -0.25, 0.0]
[0.4375, -0.25, 0.0]
[0.125, -0.25, -0.0625]
[0.125, -0.25, -0.0625]
[-0.3125, -0.125, -0.0625]
[-0.3125, -0.125, -0.0625]
[-0.0625, 0.0, 0.0625]
[-0.0625, 0.0, 0.0625]
[-0.1875, -0.0625, -0.125]
[-0.1875, -0.0625, -0.125]
[-0.625, -0.0625, -0.3125]
[-0.625, -0.0625, -0.3125]
[0.125, 0.1875, -0.1875]
[0.125, 0.1875, -0.1875]
[-0.0625, 0.125, -0.0625]
[-0.0625, 0.125, -0.0625]
[-0.1875, 0.125, -0.125]
[-0.1875, 0.125, -0.125]
[-0.25, 0.25, 0.0]
[-0.25, 0.25, 0.0]
[0.0, 0.125, -0.25]
[0.0, 0.125, -0.25]
[-0.75, 0.0, -0.0625]
[-0.75, 0.0, -0.0625]
[0.0625, 0.0, 0.125]
[0.0625, 0.0, 0.125]
[-0.1875, -0.0625, 0.125]
[-0.1875, -0.0625, 0.125]
[-0.0625, -0.125, 0.125]
[-0.0625, -0.125, 0.125]
[-0.0625, -0.1875, 0.0625]
[-0.0625, -0.1875, 0.0625]
[-0.0625, -0.1875, 0.0625]
[-0.0625, -0.1875, 0.0625]
[-0.0625, -0.125, 0.125]
[-0.0625, -0.125, 0.125]
[0.0625, -0.25, 0.0625]
[0.0625, -0.25, 0.0625]
[-0.375, -0.3125, -0.125]
[-0.375, -0.3125, -0.125]
[-0.25, -0.375, -0.25]
[-0.25, -0.375, -0.25]
[-0.4375, -0.0625, -0.0625]
[-0.4375, -0.0625, -0.0625]
[-0.25, -0.125, 0.0]
[-0.25, -0.125, 0.0]
[-0.125, -0.125, -0.0625]
[-0.125, -0.125, -0.0625]
[-0.5625, 0.0, 0.0625]
[-0.5625, 0.0, 0.0625]
[0.4375, -0.1875, -0.0625]
[0.4375, -0.1875, -0.0625]
[0.1875, -0.4375, 0.125]
[0.1875, -0.4375, 0.125]
[0.1875, -0.25, 0.125]
[0.1875, -0.25, 0.125]
[-0.125, 0.0, 0.0625]
[-0.125, 0.0, 0.0625]
[-0.3125, -0.125, -0.4375]
[-0.3125, -0.125, -0.4375]
[-0.5, -0.4375, -0.5]
[-0.5, -0.4375, -0.5]
[-0.9375, -0.0625, -0.375]
[-0.9375, -0.0625, -0.375]
[-1.3125, 0.0, -0.625]
[-1.3125, 0.0, -0.625]
[-1.0, -0.5, 0.0]
[-1.0, -0.5, 0.0]
[1.4375, -0.1875, 0.5]
[1.4375, -0.1875, 0.5]
[0.9375, -0.1875, 0.6875]
[0.9375, -0.1875, 0.6875]
[0.5, -0.25, 0.25]
[0.5, -0.25, 0.25]
[0.5, -0.25, 0.25]
[0.625, 0.1875, -0.125]
[0.125, 0.1875, -0.1875]
[0.125, 0.1875, -0.1875]
[0.125, 0.1875, -0.1875]
[-0.4375, 0.375, 0.1875]
[-0.5, 0.4375, 0.0625]
[-0.9375, 0.0625, 0.0]
[-0.9375, 0.0625, 0.0]
[-0.9375, 0.0625, 0.0]
[-0.75, 0.1875, -0.125]
[-0.75, 0.1875, -0.125]
[-0.0625, 0.5625, -0.125]
[-0.3125, 0.8125, 0.375]
[-0.3125, 0.8125, 0.375]
[-0.1875, 0.8125, 0.4375]
[-0.1875, 0.8125, 0.4375]
[-0.5625, 0.8125, -0.25]
[-0.5625, 0.8125, -0.25]
[-0.9375, 0.5625, -0.6875]
[-0.9375, 0.5625, -0.6875]
[-0.5, 0.5625, -0.1875]
[-0.5, 0.5625, -0.1875]
[-0.5, 0.5625, -0.1875]
[-0.8125, 0.5, 0.375]
[-0.125, 0.6875, 0.3125]
[-0.125, 0.6875, 0.3125]
[-0.125, 0.6875, 0.3125]
[-0.1875, 0.5, 0.0]
[-0.1875, 0.5, 0.0]
[-0.4375, 0.25, -0.25]
[-0.4375, 0.1875, 0.0]
[-0.4375, 0.1875, 0.0]
[-0.4375, 0.1875, 0.0]
[-0.1875, 0.375, -0.0625]
[-0.1875, 0.375, -0.0625]
[0.3125, 0.5, 0.0]
[0.3125, 0.5, 0.0]
[0.3125, 0.5, 0.0]
[-0.4375, 0.5, 0.0]
[-0.4375, 0.5, 0.0]
[0.25, 0.375, -0.4375]
[0.25, 0.375, -0.4375]
[0.625, 0.5625, -0.4375]
[-0.25, 0.9375, -0.125]
[-0.25, 0.9375, -0.125]
[-0.6875, 0.6875, -0.3125]
[-0.6875, 0.6875, -0.3125]
[-0.6875, 0.6875, -0.3125]
[0.0625, 0.5, -0.5]
[-0.625, 0.375, -0.5625]
[-0.625, 0.375, -0.5625]
[-0.625, 0.375, -0.5625]
[-0.625, 0.375, -0.5625]
[-0.25, 0.1875, -0.0625]
[-0.25, 0.1875, -0.0625]
[-0.0625, 0.375, -0.0625]
[-0.0625, 0.375, -0.0625]
[-0.0625, 0.375, -0.0625]
[-0.0625, -0.125, 0.125]
[-0.0625, -0.125, 0.125]
[0.125, -0.375, 0.0]
[0.125, -0.375, 0.0]
[0.25, -0.4375, -0.0625]
[0.25, -0.4375, -0.0625]
[0.25, -1.0, -0.0625]
[0.25, -1.0, -0.0625]
[0.25, -1.0, -0.0625]
[0.625, -0.5625, -0.125]
[0.625, -0.5625, -0.125]
[0.625, -0.5625, -0.1875]
[0.625, -0.5625, -0.1875]
[-0.25, -0.8125, -0.375]
[0.3125, -1.0, -0.3125]
[0.3125, -1.0, -0.3125]
[0.3125, -1.0, -0.3125]
[0.625, -0.625, -0.125]
[0.625, -0.625, -0.125]
[0.625, -0.625, -0.125]
[0.625, -0.625, -0.125]
[0.125, -0.625, -0.125]
[0.125, -0.625, -0.125]
[0.5, -0.875, -0.1875]
[0.5, -0.875, -0.1875]
[0.5, -0.875, -0.1875]
[0.625, -0.5, 0.1875]
[0.625, -0.5, 0.1875]
[0.625, -0.5, 0.1875]
[0.5, -0.5, 0.25]
[0.5, -0.5, 0.25]
[0.5, -0.5, 0.25]
[0.0625, -0.6875, 0.125]
[0.0625, -0.6875, 0.125]
[0.375, -0.5625, 0.125]
[0.625, -0.4375, 0.1875]
[0.125, -0.4375, 0.25]
[0.125, -0.4375, 0.25]
[0.5, -0.625, 0.4375]
[0.5, -0.625, 0.4375]
[0.5, -0.625, 0.4375]
[0.5, -0.5625, -0.0625]
[0.375, -0.75, -0.3125]
[0.375, -0.75, -0.3125]
[0.0, -0.9375, -0.625]
[0.0, -0.9375, -0.625]
[0.0, -0.9375, -0.625]
[0.375, -1.125, -0.0625]
[1.3125, -1.1875, 0.5625]
[1.3125, -1.1875, 0.5625]
[2.3125, -0.8125, 0.375]
[2.3125, -0.8125, 0.375]
[2.3125, -0.8125, 0.375]
[1.6875, -1.125, 0.0]
[1.6875, -1.125, 0.0]
[1.6875, -1.125, 0.0]
[1.125, -1.0625, -0.3125]
[1.125, -1.0625, -0.3125]
[1.75, -0.6875, 0.25]
[1.75, -0.6875, 0.25]
[1.75, -0.6875, 0.25]
[1.75, -0.6875, 0.25]
[1.75, -0.6875, 0.25]
[1.75, -0.6875, 0.25]
[0.8125, -1.4375, 0.0625]
[0.8125, -1.4375, 0.0625]
[0.9375, -1.3125, -0.3125]
[0.9375, -1.3125, -0.3125]
[0.6875, -0.375, 0.0625]
[0.6875, -0.375, 0.0625]
[0.6875, -0.375, 0.0625]
[1.125, 0.0625, 0.3125]
[1.125, 0.0625, 0.3125]
[1.125, 0.0625, 0.3125]
[0.6875, 0.1875, -0.4375]
[0.6875, 0.1875, -0.4375]
[0.1875, 0.0625, -0.1875]
[0.1875, 0.0625, -0.1875]
[0.1875, 0.0625, -0.1875]
[0.1875, 0.0625, -0.1875]
[0.125, -0.625, 0.25]
[0.125, -0.625, 0.25]
[0.6875, -0.5625, 0.3125]
[0.6875, -0.5625, 0.3125]
[0.6875, -0.5625, 0.3125]
[0.6875, -0.5625, 0.3125]
[0.375, -0.1875, 0.0]
[0.375, -0.1875, 0.0]
[0.0, -0.4375, 0.0]
[0.0, -0.4375, 0.0]
[0.0, -0.4375, 0.0]
[0.0, -0.4375, 0.0]
[0.3125, -1.0625, 0.75]
[0.3125, -1.0625, 0.75]
[0.4375, -0.5, 0.6875]
[0.4375, -0.5, 0.6875]
[0.4375, -0.5, 0.6875]
[0.4375, -0.5, 0.6875]
[0.0, -0.8125, -0.0625]
[0.0, -0.8125, -0.0625]
[0.8125, -0.4375, -0.125]
[0.8125, -0.4375, -0.125]
[0.8125, -0.4375, -0.125]
[0.8125, -0.4375, -0.125]
[0.0, -0.75, 0.0]
[0.0, -0.75, 0.0]
[0.5625, -0.875, 0.125]
[0.5625, -0.875, 0.125]
[0.5625, -0.875, 0.125]
[0.5625, -0.875, 0.125]
[-0.125, -0.625, -0.125]
[-0.125, -0.625, -0.125]
[-0.125, -0.625, -0.125]
[-0.4375, -0.0625, 0.0625]
[-0.4375, -0.0625, 0.0625]
[-0.4375, -0.0625, 0.0625]
[-0.375, -0.1875, -0.125]
[-0.375, -0.1875, -0.125]
[-0.3125, -0.375, -0.25]
[-0.3125, -0.375, -0.25]
[-0.3125, -0.375, -0.25]
[-0.3125, -0.375, -0.25]
[-0.5625, 0.0, -0.125]
[-0.5625, 0.0, -0.125]
[-0.5625, 0.0, -0.125]
[-0.4375, 0.0, -0.1875]
[-0.4375, 0.0, -0.1875]
[-0.4375, 0.0, -0.1875]
[-0.4375, 0.0, -0.1875]
[-0.3125, -0.1875, -0.1875]
[-0.3125, -0.1875, -0.1875]
[-0.3125, -0.1875, -0.1875]
[-0.3125, -0.1875, -0.1875]
[-0.3125, -0.1875, -0.1875]
[0.5, -0.5, 0.0625]
[0.5, -0.5, 0.0625]
[0.5, -0.5, 0.0625]
[0.3125, -0.0625, -0.0625]
[0.3125, -0.0625, -0.0625]
[0.3125, -0.0625, -0.0625]
[-0.4375, 0.1875, -0.375]
[-0.4375, 0.1875, -0.375]
[-0.0625, 0.3125, -0.1875]
[-0.0625, 0.3125, -0.1875]
[-0.0625, 0.3125, -0.1875]
[-0.0625, 0.3125, -0.1875]
[-0.4375, 0.6875, 0.0]
[-0.4375, 0.6875, 0.0]
[-0.4375, 0.6875, 0.0]
[-0.4375, 0.6875, 0.0]
[-0.4375, 0.6875, 0.0]
[-0.8125, 0.5, -0.5]
[-0.8125, 0.5, -0.5]
[-0.8125, 0.5, -0.5]
[-1.4375, 0.3125, -0.875]
[-1.4375, 0.3125, -0.875]
[-1.4375, 0.3125, -0.875]
[0.5625, 0.1875, 0.6875]
[0.5625, 0.1875, 0.6875]
[1.125, 0.3125, 0.6875]
[1.125, 0.3125, 0.6875]
[1.125, 0.3125, 0.6875]
[1.125, 0.3125, 0.6875]
[-0.125, 0.1875, -0.3125]
[-0.125, 0.1875, -0.3125]
[-0.125, 0.1875, -0.3125]
[0.1875, 0.25, -0.3125]
[0.1875, 0.25, -0.3125]
[0.1875, 0.25, -0.3125]
[-0.5, 0.0, 0.1875]
[-0.5, 0.0, 0.1875]
[-0.125, 0.125, -0.125]
[-0.125, 0.125, -0.125]
[-0.125, 0.125, -0.125]
[-0.125, 0.125, -0.125]
[-0.125, 0.25, -0.5625]
[-0.125, 0.25, -0.5625]
[-0.125, 0.25, -0.5625]
[0.25, 0.3125, -0.125]
[0.25, 0.3125, -0.125]
[0.25, 0.3125, -0.125]
[-0.0625, 0.25, -0.25]
[-0.0625, 0.25, -0.25]
[-0.5625, 0.3125, -0.375]
[-0.5625, 0.3125, -0.375]
[-0.5625, 0.3125, -0.375]
[-0.5625, 0.3125, -0.375]
[-0.0625, -0.125, 0.0]
[-0.0625, -0.125, 0.0]
[0.0625, -0.1875, -0.125]
[0.0625, -0.1875, -0.125]
[0.0625, -0.1875, -0.125]
[0.0625, -0.1875, -0.125]
[-0.375, 0.1875, -0.125]
[-0.375, 0.1875, -0.125]
[-0.375, 0.1875, -0.125]
[0.125, -0.3125, -0.1875]
[0.125, -0.3125, -0.1875]
[0.125, -0.3125, -0.1875]
[0.625, -0.4375, 0.0]
[0.625, -0.4375, 0.0]
[0.3125, -0.25, 0.0625]
[0.3125, -0.25, 0.0625]
[0.3125, -0.25, 0.0625]
[0.3125, -0.25, 0.0625]
[0.3125, -0.25, 0.0625]
[0.375, -0.5, -0.5]
[0.3125, -0.375, -0.375]
[0.3125, -0.375, -0.375]
[0.3125, -0.375, -0.375]
[0.125, -0.25, 0.25]
[0.125, -0.25, 0.25]
[0.125, -0.25, 0.25]
[0.0, -0.4375, -0.25]
[0.0, -0.4375, -0.25]
[0.0, -0.4375, -0.25]
[0.0, -0.4375, -0.25]
[0.0, -0.4375, -0.25]
[0.0, -0.4375, -0.25]
[-0.3125, 0.0625, 0.0625]
[-0.3125, 0.0625, 0.0625]
[-0.3125, 0.0625, 0.0625]
[-0.3125, 0.0625, 0.0625]
[0.0, -0.3125, -0.0625]
[0.0, -0.3125, -0.0625]
[-0.25, -0.125, 0.0625]
[-0.25, -0.125, 0.0625]
[-0.25, -0.125, 0.0625]
[-0.25, -0.125, 0.0625]
[-0.5, 0.375, 0.1875]
[-0.5, 0.375, 0.1875]
[-0.5, 0.375, 0.1875]
[-0.5, 0.375, 0.1875]
[-0.5, 0.375, 0.1875]
[-0.5, 0.375, 0.1875]
[-0.5, 0.375, 0.1875]
[-0.3125, 0.25, 0.3125]
[-0.3125, 0.25, 0.3125]
[-0.3125, 0.25, 0.3125]
[-0.3125, 0.25, 0.3125]
[-0.3125, -0.25, 0.4375]
[-0.3125, -0.25, 0.4375]
[-0.3125, -0.25, 0.4375]
[0.0, 0.0, 0.5]
[0.0, 0.0, 0.5]
[0.0, 0.0, 0.5]
[-0.25, -0.1875, 0.4375]
[-0.25, -0.1875, 0.4375]
[-0.25, -0.1875, 0.4375]
[-0.3125, -0.3125, 0.3125]
[-0.3125, -0.3125, 0.3125]
[-0.3125, -0.3125, 0.3125]
[-0.3125, -0.3125, 0.3125]
[0.0625, -0.25, 0.125]
[0.0625, -0.25, 0.125]
[-0.1875, -0.1875, -0.0625]
[-0.1875, -0.1875, -0.0625]
[-0.1875, -0.1875, -0.0625]
[-0.1875, -0.1875, -0.0625]
[-0.1875, -0.1875, -0.0625]
[-0.0625, 0.0, -0.0625]
[-0.0625, 0.0, -0.0625]
[-0.0625, 0.0, -0.0625]
[-0.0625, 0.0, -0.0625]
[-0.0625, 0.0, -0.0625]
[-1.6875, 0.0, -0.75]
[-1.6875, 0.0, -0.75]
[-0.25, 0.0, -0.125]
[-0.25, 0.0, -0.125]
[-0.25, 0.0, -0.125]
[-0.25, 0.0, -0.125]
[-0.25, 0.0, -0.125]
[0.3125, 0.0, 0.0]
[0.3125, 0.0, 0.0]
[0.3125, 0.0, 0.0]
[0.3125, 0.0, 0.0]
[-0.125, 0.1875, -0.4375]
[-0.125, 0.1875, -0.0625]
[-0.125, 0.1875, -0.0625]
[-0.125, 0.1875, -0.0625]
[0.0, -0.125, 0.1875]
[0.0, -0.125, 0.1875]
[-0.0625, -0.25, -0.125]
[0.0, -0.25, -0.1875]
[0.0, -0.25, -0.1875]
[0.0, -0.25, -0.1875]
[0.375, -0.3125, -0.3125]
[0.375, -0.3125, -0.3125]
[0.625, 0.0, -0.0625]
[-0.125, 0.0625, 0.0]
[-0.125, 0.0625, 0.0]
[0.0625, 0.1875, -0.375]
[0.0625, 0.1875, -0.375]
[0.0625, 0.1875, -0.375]
[-0.25, 0.4375, -0.4375]
[-0.25, 0.4375, -0.4375]
[-0.375, 0.4375, 0.0]
[0.0625, 0.375, 0.25]
[0.0625, 0.375, 0.25]
[0.0625, 0.375, 0.25]
[0.3125, 0.1875, 0.0]
[-0.125, -0.125, -0.375]
[-0.125, -0.125, -0.375]
[-0.0625, -0.25, -0.25]
[-0.0625, -0.25, -0.25]
[-0.0625, -0.25, -0.25]
[0.0625, -0.4375, -0.1875]
[0.3125, -0.75, 0.0625]
[0.3125, -0.75, 0.0625]
[0.5, -0.6875, 0.25]
[0.5, -0.6875, 0.25]
[0.875, -0.6875, 0.125]
[0.875, -0.6875, 0.125]
[0.875, -0.6875, 0.125]
[0.5, -0.6875, -0.0625]
[0.5, -0.6875, -0.0625]
[0.5, -0.6875, -0.0625]
[0.1875, -0.8125, -0.1875]
[0.1875, -0.8125, -0.1875]
[0.1875, -0.8125, -0.1875]
[0.4375, -0.5625, 0.0]
[0.25, -0.6875, -0.125]
[0.25, -0.6875, -0.125]
[0.25, -0.6875, -0.125]
[0.25, -0.6875, -0.125]
[0.375, -0.4375, -0.3125]
[0.375, -0.75, -0.1875]
[0.375, -0.75, -0.1875]
[0.375, -0.75, -0.1875]
[0.75, -0.875, -0.0625]
[0.75, -0.875, -0.0625]
[0.875, -1.375, -0.375]
[0.875, -1.375, -0.375]
[0.8125, -1.625, -0.3125]
[0.8125, -1.625, -0.3125]
[0.8125, -1.625, -0.3125]
[1.5, -1.5625, -0.125]
[1.5, -1.5625, -0.125]
[1.25, -1.25, 0.25]
[1.25, -1.25, 0.25]
[1.25, -1.25, 0.25]
[0.8125, -1.125, 0.25]
[0.8125, -1.125, 0.25]
[0.8125, -0.8125, 0.125]
[0.8125, -0.8125, 0.125]
[0.4375, -0.375, 0.125]
[0.4375, -0.375, 0.125]
[0.4375, -0.375, 0.125]
[0.4375, -0.375, 0.1875]
[0.4375, -0.375, 0.1875]
[0.75, -0.5, 0.125]
[0.75, -0.5, 0.125]
[0.75, -0.5, 0.125]
[0.625, -0.3125, -0.1875]
[0.625, -0.3125, -0.1875]
[0.4375, -0.5, -0.25]
[0.4375, -0.5, -0.25]
[0.4375, -0.5, -0.25]
[0.4375, -0.5, -0.25]
[0.625, -0.5625, -0.125]
[0.625, -0.5625, -0.125]
[0.625, -0.5625, -0.125]
[0.75, -0.5, 0.125]
[0.75, -0.5, 0.125]
[0.75, -0.5, 0.125]
[0.5625, -0.3125, 0.0625]
[0.6875, -0.1875, -0.125]
[0.6875, -0.1875, -0.125]
[0.875, -0.125, 0.0625]
[0.875, -0.125, 0.0625]
[0.875, -0.125, 0.0625]
[0.875, -0.125, 0.0625]
[1.125, -0.0625, 0.0]
[1.125, -0.0625, 0.0]
[1.0, 0.125, 0.0]
[1.0, 0.125, 0.0]
[1.0, 0.125, 0.0]
[0.625, -0.4375, 0.0625]
[0.625, -0.4375, 0.0625]
[0.875, -1.0625, -0.5]
[0.875, -1.0625, -0.5]
[-0.0625, -1.0625, -0.5]
[-0.0625, -1.0625, -0.5]
[-0.125, -0.75, -0.625]
[-0.125, -0.75, -0.625]
[-0.25, -0.4375, 0.3125]
[-0.25, -0.4375, 0.3125]
[0.3125, 0.625, 0.6875]
[0.3125, 0.625, 0.6875]
[0.3125, 0.625, 0.6875]
[0.3125, 0.625, 0.6875]
[0.125, 0.25, -0.25]
[0.625, -0.25, -0.3125]
[0.625, -0.25, -0.3125]
[0.625, -0.25, -0.3125]
[1.125, 0.125, 0.125]
[1.125, 0.125, 0.125]
[0.875, -0.0625, 0.375]
[0.875, -0.0625, 0.375]
[0.875, -0.0625, 0.375]
[0.75, -0.1875, 0.125]
[0.625, -0.4375, -0.375]
[0.625, -0.4375, -0.375]
[0.625, -0.4375, -0.375]
[0.125, -0.5625, -0.4375]
[0.125, -0.5625, -0.4375]
[0.0625, 0.0, 0.3125]
[0.0625, 0.0, 0.3125]
[0.0625, 0.0, 0.3125]
[-0.0625, 0.0, 0.0625]
[-0.5, 0.125, -0.3125]
[-0.5, 0.125, -0.3125]
[-1.125, 0.125, -0.1875]
[-1.125, 0.125, -0.1875]
[-1.125, 0.125, -0.1875]
[-0.25, 0.5625, 0.1875]
[0.125, 0.0, 0.25]
[0.125, 0.0, 0.25]
[0.125, 0.0, 0.25]
[-0.9375, -0.1875, 0.0]
[-0.9375, -0.1875, 0.0]
[-0.375, 0.0625, -0.125]
[-0.375, 0.0625, -0.125]
[-0.375, 0.5, -0.3125]
[-0.375, 0.5, -0.3125]
[-0.6875, 0.6875, -0.25]
[-0.6875, 0.6875, -0.25]
[-0.1875, 0.4375, 0.3125]
[-0.1875, 0.4375, 0.3125]
[0.125, 0.125, 0.375]
[-0.25, 0.0, 0.125]
[-0.25, 0.0, 0.125]
[-0.5, 0.4375, -0.5]
[-0.5, 0.4375, -0.5]
[-0.5625, 0.1875, -0.5625]
[-0.5625, 0.1875, -0.5625]
[-0.5625, 0.1875, -0.5625]
[-0.5, -0.0625, -0.375]
[-0.5, -0.0625, -0.375]
[0.0625, 0.25, -0.0625]
[0.125, 0.125, -0.125]
[0.125, 0.125, -0.125]
[-0.125, -0.3125, -0.375]
[-0.125, -0.3125, -0.375]
[0.1875, -0.1875, -0.5]
[0.1875, -0.1875, -0.5]
[0.5, -0.0625, -0.3125]
[0.5, -0.0625, -0.3125]
[0.1875, -0.375, -0.0625]
[0.1875, -0.375, -0.0625]
[-0.125, -0.3125, -0.1875]
[0.3125, -0.1875, -0.25]
[0.3125, -0.1875, -0.25]
[0.3125, -0.1875, -0.25]
[-0.1875, -0.375, -0.1875]
[-0.1875, -0.375, -0.1875]
[-0.25, -0.0625, -0.1875]
[-0.125, 0.0, 0.0]
[-0.125, 0.0, 0.0]
[-0.125, 0.0, 0.0]
[-0.0625, -0.125, 0.0]
[-0.0625, -0.125, 0.0]
[-0.125, -0.0625, 0.0]
[-0.1875, -0.0625, -0.0625]
[-0.1875, -0.0625, -0.0625]
[-0.1875, -0.0625, -0.0625]
[-0.25, 0.125, -0.1875]
[-0.25, 0.125, -0.1875]
[-0.3125, -0.25, -0.25]
[-0.3125, -0.25, -0.25]
[-0.25, -0.3125, -0.1875]
[-0.25, -0.3125, -0.1875]
[-0.3125, -0.125, 0.1875]
[-0.3125, -0.125, 0.1875]
[-0.1875, -0.125, -0.125]
[-0.1875, -0.125, -0.125]
[-0.1875, -0.125, -0.125]
[-0.1875, 0.125, -0.125]
[-0.1875, 0.125, -0.125]
[-0.25, -0.0625, 0.1875]
[-0.25, -0.0625, 0.1875]
[-0.25, -0.0625, 0.1875]
[-0.4375, 0.0, 0.125]
[0.25, -0.1875, 0.125]
[0.25, -0.1875, 0.125]
[-0.1875, -0.0625, 0.0625]
[-0.1875, -0.0625, 0.0625]
[-0.1875, -0.0625, 0.0625]
[-0.25, 0.125, -0.0625]
[-0.25, 0.125, -0.0625]
[-1.25, -0.375, -0.8125]
[-1.25, -0.375, -0.8125]
[-1.25, -0.375, -0.8125]
[-1.25, -0.375, -0.8125]
[-0.1875, 0.25, 0.25]
[0.5625, 0.4375, 0.6875]
[0.5625, 0.4375, 0.6875]
[0.0625, 0.3125, 0.375]
[0.0625, 0.3125, 0.375]
[0.0625, 0.3125, 0.375]
[-0.25, 0.375, -0.125]
[-0.375, 0.3125, -0.125]
[-0.375, 0.3125, -0.125]
[-0.25, 0.4375, 0.1875]
[-0.25, 0.4375, 0.1875]
[0.0, 0.3125, 0.4375]
[0.0, 0.3125, 0.4375]
[-0.625, 0.1875, 0.125]
[-0.625, 0.1875, 0.125]
[-0.5, -0.125, -0.1875]
[-0.5, -0.125, -0.1875]
[-0.75, 0.1875, -0.4375]
[-0.75, 0.1875, -0.4375]
[-0.3125, 0.375, -0.3125]
[-0.3125, 0.375, -0.3125]
[-0.1875, 0.6875, 0.0625]
[-0.1875, 0.6875, 0.0625]
[-0.5625, 0.5, -0.25]
[-0.75, 0.4375, -0.0625]
[-0.75, 0.4375, -0.0625]
[-0.75, 0.4375, -0.0625]
[0.375, 0.75, 0.0625]
[0.375, 0.75, 0.0625]
[-0.5625, 0.75, 0.3125]
[-0.375, 0.4375, 0.25]
[-0.375, 0.4375, 0.25]
[-0.375, 0.4375, 0.25]
[-0.125, 0.375, 0.1875]
[-0.125, 0.375, 0.1875]
[-0.5, 0.3125, -0.125]
[-0.625, 0.0625, -0.125]
[-0.625, 0.0625, -0.125]
[-0.625, 0.0625, -0.125]
[-0.25, 0.125, -0.25]
[-0.25, 0.125, -0.25]
[-0.25, 0.0625, -0.125]
[-0.125, 0.1875, 0.125]
[-0.125, 0.1875, 0.125]
[0.3125, 0.1875, 0.0625]
[0.3125, 0.1875, 0.0625]
[0.3125, 0.1875, 0.0625]
[0.0625, 0.3125, -0.1875]
[-0.1875, 0.1875, -0.4375]
[-0.0625, 0.1875, -0.125]
[-0.0625, 0.1875, -0.125]
[-0.0625, 0.1875, -0.125]
[-0.0625, 0.1875, -0.125]
[-0.0625, 0.125, 0.0]
[0.25, 0.25, -0.125]
[-0.25, 0.1875, -0.3125]
[-0.25, 0.1875, -0.3125]
[-0.25, 0.1875, -0.3125]
[-0.375, 0.3125, -0.375]
[-0.375, 0.3125, -0.375]
[0.1875, 0.125, -0.3125]
[0.1875, 0.125, -0.3125]
[0.25, 0.375, 0.0]
[0.25, 0.375, 0.0]
[0.25, 0.375, 0.0]
[0.0, 0.125, 0.0625]
[0.0, 0.125, 0.0625]
[0.6875, 0.3125, -0.125]
[0.6875, 0.3125, -0.125]
[0.0, 0.0, 0.0]
[0.125, 0.375, 0.0]
[0.125, 0.375, 0.0]
[0.0625, 0.5, -0.25]
[0.0625, 0.5, -0.25]
[-0.1875, 0.125, -0.25]
[-0.1875, 0.125, -0.25]
[-0.25, 0.125, -0.375]
[-0.25, 0.125, -0.375]
[-0.25, 0.125, -0.375]
[-0.0625, 0.1875, -0.375]
[-0.375, 0.1875, -0.25]
[-0.375, 0.1875, -0.25]
[0.0625, 0.0625, -0.25]
[0.0625, 0.0625, -0.25]
[0.0625, 0.0625, -0.25]
[0.125, -0.1875, -0.1875]
[0.25, -0.125, -0.25]
[0.25, -0.125, -0.25]
[-0.25, -0.25, -0.25]
[-0.25, -0.25, -0.25]
[-0.25, -0.25, -0.25]
[-0.0625, -0.0625, -0.3125]
[-0.0625, -0.0625, -0.3125]
[-0.0625, -0.3125, -0.25]
[-0.0625, -0.3125, -0.25]
[-0.0625, -0.3125, -0.25]
[-0.125, -0.5, -0.125]
[-0.125, -0.5, -0.125]
[-0.125, -0.5, -0.125]
[0.0, -0.5625, 0.0]
[0.0, -0.5625, 0.0]
[0.0, -0.5625, 0.0]
[-0.0625, -0.9375, -0.3125]
[-0.0625, -0.9375, -0.3125]
[0.625, -1.0, 0.125]
[0.625, -1.0, 0.125]
[0.125, -0.625, -0.125]
[0.125, -0.625, -0.125]
[-0.375, -0.5625, -0.3125]
[-0.375, -0.5625, -0.3125]
[-0.5625, -0.5625, -0.9375]
[-0.5625, -0.5625, -0.9375]
[-0.4375, -0.75, -0.3125]
[-0.4375, -0.75, -0.3125]
[-0.4375, -0.75, -0.3125]
[0.375, -0.5625, 0.625]
[0.375, -0.5625, 0.625]
[0.9375, -0.4375, 0.75]
[0.9375, -0.4375, 0.75]
[0.1875, -1.0625, 0.1875]
[-0.4375, -1.4375, -0.25]
[-0.4375, -1.4375, -0.25]
[-0.4375, -1.4375, -0.25]
[-0.4375, -1.3125, -0.3125]
[-0.4375, -1.3125, -0.3125]
[0.25, -0.75, 0.5]
[0.25, -0.75, 0.5]
[0.25, -0.75, 0.5]
[0.25, -1.125, 0.75]
[0.25, -1.125, 0.75]
[0.25, -1.125, 0.75]
[0.6875, -0.5, 0.3125]
[0.6875, -0.5, 0.3125]
[0.5625, -0.5625, -0.0625]
[0.6875, -0.1875, 0.375]
[0.6875, -0.1875, 0.375]
[0.6875, -0.1875, 0.375]
[0.25, 0.0625, 0.75]
[0.5, -0.3125, 0.5]
[0.5, -0.3125, 0.5]
[0.1875, -0.6875, 0.1875]
[0.1875, -0.6875, 0.1875]
[0.1875, -0.6875, 0.1875]
[0.1875, -0.5625, 0.25]
[0.1875, -0.5625, 0.25]
[0.1875, -0.5625, 0.25]
[0.1875, -0.5625, 0.5]
[0.4375, -0.625, 0.75]
[0.4375, -0.625, 0.75]
[0.4375, -0.625, 0.75]
[0.75, -1.125, 0.25]
[0.875, -0.8125, 0.1875]
[0.875, -0.8125, 0.1875]
[0.875, -0.8125, 0.1875]
[0.3125, -0.5, 0.5]
[0.3125, -0.5, 0.5]
[1.0, -0.5, 0.5]
[0.75, -0.75, 0.5]
[0.75, -0.75, 0.5]
[1.1875, -0.6875, 0.1875]
[1.1875, -0.6875, 0.1875]
[1.1875, -0.6875, 0.1875]
[0.8125, -0.875, 0.0625]
[0.3125, -0.625, -0.125]
[0.3125, -0.625, -0.125]
[0.625, -0.375, -0.1875]
[0.625, -0.375, -0.1875]
[0.625, -0.375, -0.1875]
[0.625, -0.6875, -0.25]
[0.75, -0.875, -0.125]
[0.75, -0.875, -0.125]
[1.25, -0.8125, 0.3125]
[1.25, -0.8125, 0.3125]
[1.0625, -0.625, 0.0]
[1.0625, -0.625, 0.0]
[1.0625, -0.625, 0.0]
[0.5, -0.5625, -0.0625]
[0.5, -0.5625, -0.0625]
[1.0, -0.625, -0.375]
[1.0, -0.625, -0.375]
[1.0, -0.625, -0.375]
[1.0, -0.625, -0.375]
[0.625, -1.0, 0.1875]
[1.0, -0.75, 0.25]
[1.0, -0.75, 0.25]
[1.0625, -0.5625, -0.1875]
[1.0625, -0.5625, -0.1875]
[1.0625, -0.5625, -0.1875]
[0.625, -0.9375, -0.3125]
[1.125, -0.5, -0.0625]
[1.125, -0.5, -0.0625]
[0.625, -0.375, -0.0625]
[0.625, -0.375, -0.0625]
[0.625, -0.3125, -0.0625]
[0.625, -0.3125, -0.0625]
[0.75, -0.6875, 0.0]
[0.75, -0.6875, 0.0]
[0.5625, -0.75, -0.3125]
[0.5625, -0.75, -0.3125]
[0.25, -0.625, -0.25]
[0.25, -0.625, -0.25]
[0.625, -0.625, -0.125]
[0.625, -0.625, -0.125]
[0.6875, -0.6875, -0.25]
[0.6875, -0.6875, -0.25]
[0.6875, -0.6875, -0.25]
[0.5625, -0.3125, -0.1875]
[-0.125, -0.0625, -0.4375]
[-0.125, -0.0625, -0.4375]
[-0.125, -0.0625, -0.4375]
[0.125, -0.1875, -0.125]
[0.6875, 0.0, 0.0625]
[0.6875, 0.0, 0.0625]
[-0.125, 0.1875, 0.0]
[-0.125, 0.1875, 0.0]
[-0.3125, 0.1875, -0.125]
[-0.3125, 0.1875, -0.125]
[-0.5, -0.125, -0.0625]
[-0.5, -0.125, -0.0625]
[0.0, -0.0625, -0.5625]
[-1.0, 0.0625, -0.625]
[-1.0, 0.0625, -0.625]
[-1.0, 0.0625, -0.625]
[-1.6875, 0.6875, -0.375]
[-1.6875, 0.6875, -0.375]
[-1.6875, 0.6875, -0.375]
[-0.5625, 0.6875, 0.625]
[-0.5625, 0.6875, 0.625]
[-0.5625, 0.6875, 0.625]
[0.3125, 1.0, 0.4375]
[-0.125, 0.25, 0.125]
[-0.125, 0.25, 0.125]
[-0.125, 0.25, 0.125]
[0.125, -0.4375, -0.5]
[0.125, -0.4375, -0.5]
[0.4375, -0.25, -0.3125]
[0.5, -0.375, 0.125]
[0.5, -0.375, 0.125]
[0.5, -0.8125, 0.4375]
[0.5, -0.8125, 0.4375]
[0.5, -0.8125, 0.4375]
[0.4375, -0.5625, 0.125]
[-0.6875, -0.25, -0.25]
[-0.6875, -0.25, -0.25]
[-0.8125, 0.1875, -0.3125]
[-0.8125, 0.1875, -0.3125]
[-0.8125, 0.1875, -0.3125]
[-0.0625, 0.625, 0.25]
[-0.4375, 0.9375, 0.4375]
[-1.0, 1.0, -0.1875]
[-1.0, 1.0, -0.1875]
[-1.0, 1.0, -0.1875]
[-0.8125, 1.0625, -0.3125]
[-0.8125, 1.0625, -0.3125]
[-0.5625, 0.75, -0.0625]
[-0.5625, 0.75, -0.0625]
[-0.25, 0.8125, 0.125]
[-0.25, 0.8125, 0.125]
[-0.3125, 0.5625, 0.25]
[-0.3125, 0.5625, 0.25]
[-0.3125, 0.5625, 0.25]
[-0.5, 0.375, -0.0625]
[-0.4375, 0.1875, -0.125]
[-0.4375, 0.1875, -0.125]
[-0.75, 0.5, -0.125]
[-0.75, 0.5, -0.125]
[-0.75, 0.5, -0.125]
[-0.375, 0.125, 0.0625]
[-0.0625, -0.1875, 0.25]
[-0.0625, -0.1875, 0.25]
[0.0, -0.0625, 0.125]
[0.0, -0.0625, 0.125]
[0.0, -0.0625, 0.125]
[-0.125, 0.3125, -0.0625]
[-0.25, 0.4375, -0.3125]
[-0.25, 0.4375, -0.3125]
[-0.3125, 0.3125, -0.125]
[-0.3125, 0.3125, -0.125]
[-0.3125, 0.3125, -0.125]
[0.25, 0.1875, 0.125]
[0.4375, 0.0625, -0.0625]
[0.4375, 0.0625, -0.0625]
[-0.4375, -0.1875, -0.3125]
[-0.4375, -0.1875, -0.3125]
[-0.4375, -0.1875, -0.3125]
[0.125, 0.125, -0.4375]
[0.0, 0.0, -0.375]
[0.0, 0.0, -0.375]
[-0.375, -0.125, -0.375]
[-0.375, -0.125, -0.375]
[-0.375, -0.125, -0.375]
[0.125, 0.0, -0.0625]
[0.0625, 0.125, 0.0625]
[0.0625, 0.125, 0.0625]
[0.0, 0.0625, -0.0625]
[0.0, 0.0625, -0.0625]
[0.0, 0.0625, -0.0625]
[-0.125, -0.125, -0.125]
[-0.125, -0.125, -0.125]
[0.0625, 0.0, -0.1875]
[0.0625, 0.0, -0.1875]
[0.0625, 0.0, -0.1875]
[-0.3125, 0.125, -0.25]
[-0.3125, 0.125, -0.25]
[-0.125, 0.0625, -0.25]
[-0.125, 0.0625, -0.25]
[0.0625, -0.0625, -0.25]
[0.0625, -0.0625, -0.25]
[-0.4375, 0.1875, -0.25]
[-0.4375, 0.1875, -0.25]
[-0.75, 0.25, -0.125]
[-0.75, 0.25, -0.125]
[-0.5625, 0.0625, -0.0625]
[-0.5625, 0.0625, -0.0625]
[-0.25, -0.1875, 0.0625]
[-0.25, -0.1875, 0.0625]
[-0.3125, -0.0625, 0.3125]
[-0.3125, -0.0625, 0.3125]
[-0.25, 0.0625, 0.0625]
[-0.25, 0.0625, 0.0625]
[0.1875, -0.0625, -0.3125]
[0.1875, -0.0625, -0.3125]
[-0.6875, -0.1875, -0.5]
[-0.6875, -0.1875, -0.5]
[-0.6875, -0.1875, -0.5]
[-0.4375, 0.0, -0.3125]
[-0.4375, 0.0, -0.3125]
[-0.4375, 0.0, -0.3125]
[0.4375, -0.125, 0.3125]
[-0.3125, -0.0625, 0.375]
[-0.3125, -0.0625, 0.375]
[-0.8125, 0.0, 0.1875]
[-0.8125, 0.0, 0.1875]
[-0.8125, 0.0, 0.1875]
[-0.375, -1.375, -0.5]
[-0.375, -1.375, -0.5]
[-0.375, -1.375, -0.5]
[-0.6875, -0.5625, -0.3125]
[-0.6875, -0.5625, -0.3125]
[-0.5625, 0.125, 0.25]
[0.375, 1.1875, 0.25]
[0.375, 1.1875, 0.25]
[0.125, 0.625, 0.125]
[0.125, 0.625, 0.125]
[-0.5, 0.375, 0.125]
[-0.5, 0.375, 0.125]
[-0.375, 0.4375, 0.5]
[-0.375, 0.4375, 0.5]
[0.4375, 0.5, 0.5]
[0.4375, 0.5, 0.5]
[0.1875, 0.375, 0.5]
[0.1875, 0.375, 0.5]
[0.0625, -0.1875, 0.0]
[0.0625, -0.1875, 0.0]
[0.0625, -0.1875, -0.3125]
[0.0625, -0.1875, -0.3125]
[0.0625, -0.1875, -0.3125]
[0.25, -0.25, -0.375]
[0.25, -0.25, -0.375]
[0.25, -0.25, -0.375]
[-0.125, 0.1875, -0.25]
[0.25, 0.5625, 0.1875]
[0.25, 0.5625, 0.1875]
[0.25, 0.5625, 0.1875]
[-0.3125, 0.375, 0.0625]
[-0.3125, 0.375, 0.0625]
[-0.125, 0.4375, 0.0625]
[-0.125, 0.4375, 0.0625]
[-0.125, 0.4375, 0.0625]
[0.1875, 0.375, 0.25]
[0.1875, 0.375, 0.25]
[0.1875, 0.375, 0.25]
[0.3125, -0.0625, 0.4375]
[0.3125, -0.0625, 0.4375]
[-0.125, -0.125, 0.0625]
[-0.125, -0.125, 0.0625]
[-0.375, -0.125, 0.125]
[-0.375, -0.125, 0.125]
[-0.4375, -0.1875, 0.3125]
[-0.4375, -0.1875, 0.3125]
[-0.4375, -0.1875, 0.3125]
[0.3125, -0.0625, 0.4375]
[0.3125, -0.0625, 0.4375]
[0.3125, -0.0625, 0.4375]
[0.375, -0.25, 0.6875]
[0.375, -0.25, 0.6875]
[0.6875, -0.625, 0.4375]
[0.6875, -0.625, 0.4375]
[0.6875, -0.625, 0.4375]
[0.0, -0.6875, 0.25]
[0.0, -0.6875, 0.25]
[1.0625, -0.625, 0.5625]
[1.0625, -0.625, 0.5625]
[1.0625, -0.625, 0.5625]
[0.875, -1.125, 0.375]
[0.875, -1.125, 0.375]
[0.875, -1.125, 0.375]
[0.75, -1.375, 0.3125]
[0.75, -1.375, 0.3125]
[0.75, -1.375, 0.3125]
[0.75, -1.375, 0.3125]
[0.875, -1.3125, 0.0625]
[0.875, -1.3125, 0.0625]
[0.5, -1.125, 0.0]
[0.5, -1.125, 0.0]
[0.5, -1.125, 0.0]
[0.6875, -0.8125, 0.25]
[0.6875, -0.8125, 0.25]
[0.3125, -0.8125, 0.25]
[0.3125, -0.8125, 0.25]
[0.3125, -0.8125, 0.25]
[0.3125, -0.8125, 0.25]
[0.4375, -0.6875, 0.375]
[0.4375, -0.6875, 0.375]
[0.0625, -0.4375, 0.25]
[0.0625, -0.4375, 0.25]
[0.0625, -0.4375, 0.25]
[0.0625, -0.4375, 0.25]
[0.3125, -0.6875, 0.25]
[0.3125, -0.6875, 0.25]
[0.25, -0.5625, 0.0625]
[0.25, -0.5625, 0.0625]
[0.25, -0.5625, 0.0625]
[0.25, -0.5625, 0.0625]
[1.0625, -0.8125, 0.125]
[1.0625, -0.8125, 0.125]
[1.0625, -0.8125, 0.125]
[0.6875, -1.0625, 0.125]
[0.6875, -1.0625, 0.125]
[0.6875, -1.0625, 0.125]
[1.0, -0.875, 0.25]
[1.0, -0.875, 0.25]
[1.25, -1.0625, 0.3125]
[1.25, -1.0625, 0.3125]
[1.25, -1.0625, 0.3125]
[1.3125, -1.1875, 0.25]
[1.3125, -1.1875, 0.25]
[1.3125, -1.1875, 0.25]
[1.6875, -0.875, 0.25]
[1.6875, -0.875, 0.25]
[1.6875, -0.875, 0.25]
[1.6875, -0.875, 0.25]
[1.0625, -0.3125, 0.1875]
[1.0625, -0.3125, 0.1875]
[1.25, -0.6875, 0.1875]
[1.25, -0.6875, 0.1875]
[1.25, -0.6875, 0.1875]
[1.25, -0.6875, 0.1875]
[0.875, -1.0, -0.4375]
[0.875, -1.0, -0.4375]
[0.125, -0.8125, -0.875]
[0.125, -0.8125, -0.875]
[0.125, -0.8125, -0.875]
[1.375, -0.5625, 0.625]
[1.375, -0.5625, 0.625]
[1.375, -0.5625, 0.625]
[1.8125, -0.125, 0.875]
[1.8125, -0.125, 0.875]
[1.5625, -0.5, 0.125]
[1.3125, -0.8125, -0.4375]
[1.3125, -0.8125, -0.4375]
[1.375, -0.9375, -0.3125]
[1.375, -0.9375, -0.3125]
[1.5, -0.6875, 0.3125]
[1.5, -0.6875, 0.3125]
[1.3125, -0.875, 0.5]
[1.3125, -0.875, 0.5]
[1.3125, -0.875, 0.5]
[0.9375, -1.125, 0.1875]
[0.9375, -1.125, 0.1875]
[0.8125, -0.8125, -0.375]
[0.8125, -0.8125, -0.375]
[0.0625, -0.5625, -0.625]
[0.75, 0.0625, -0.0625]
[0.75, 0.0625, -0.0625]
[0.4375, -0.25, 0.0625]
[0.4375, -0.25, 0.0625]
[0.0, -0.0625, -0.25]
[0.0, -0.0625, -0.25]
[-0.0625, 0.25, -0.25]
[-0.0625, 0.25, -0.25]
[-0.3125, 0.5625, -0.1875]
[-0.3125, 0.5625, -0.1875]
[-0.25, 0.375, 0.125]
[-0.25, 0.375, 0.125]
[-0.25, 0.375, 0.125]
[0.25, 0.125, 0.0]
[0.25, 0.125, 0.0]
[0.25, -0.0625, -0.0625]
[0.25, -0.0625, -0.0625]
[0.25, -0.0625, -0.0625]
[-0.5, 0.0625, -0.25]
[-0.5, 0.0625, -0.25]
[-0.3125, -0.125, -0.25]
[-0.3125, -0.125, -0.25]
[-0.3125, -0.125, -0.25]
[-0.3125, -0.125, -0.25]
[-0.3125, -0.125, -0.25]
[-0.3125, -0.125, -0.25]
[0.4375, 0.0, 0.1875]
[0.4375, 0.0, 0.1875]
[0.125, -0.125, 0.0625]
[0.125, -0.125, 0.0625]
[0.125, -0.125, 0.0625]
[0.125, -0.125, 0.0625]
[0.25, 0.1875, 0.0]
[0.25, 0.1875, 0.0]
[0.25, 0.1875, 0.0]
[0.25, 0.1875, 0.0]
[0.25, 0.1875, 0.0]
[0.25, -0.25, 0.0625]
[0.25, -0.25, 0.0625]
[0.25, -0.25, 0.0625]
[0.25, -0.25, 0.0625]
[0.25, -0.25, 0.0625]
[-0.0625, 0.0, -0.3125]
[-0.0625, 0.0, -0.3125]
[-0.0625, 0.0, -0.3125]
[0.125, -0.125, 0.0]
[0.125, -0.125, 0.0]
[0.125, -0.125, 0.0]
[0.125, -0.125, 0.0]
[0.3125, 0.1875, 0.125]
[0.3125, 0.1875, 0.125]
[-0.3125, -0.0625, 0.0625]
[-0.3125, -0.0625, 0.0625]
[-0.3125, -0.0625, 0.0625]
[-0.3125, -0.0625, 0.0625]
[-0.0625, 0.0, -0.1875]
[-0.0625, 0.0, -0.1875]
[-0.0625, 0.0, -0.1875]
[0.25, 0.0, -0.0625]
[0.25, 0.0, -0.0625]
[0.25, 0.0, -0.0625]
[-0.125, 0.375, 0.1875]
[-0.1875, 0.3125, 0.0]
[-0.1875, 0.3125, 0.0]
[-0.1875, 0.3125, 0.0]
[-0.1875, 0.3125, 0.0]
[-0.1875, 0.3125, 0.0]
[-0.25, -0.25, -0.125]
[-0.25, -0.25, -0.125]
[-0.25, -0.25, -0.125]
[-0.25, -0.25, -0.125]
[-0.25, -0.25, -0.125]
[0.25, -0.0625, 0.0]
[0.25, -0.0625, 0.0]
[-0.0625, -0.5, 0.125]
[-0.0625, -0.5, 0.125]
[-0.0625, -0.5, 0.125]
[-0.0625, -0.5, 0.125]
[0.625, -0.25, 0.25]
[0.625, -0.25, 0.25]
[0.5625, -0.375, -0.125]
[0.5625, -0.375, -0.125]
[0.5625, -0.375, -0.125]
[0.5625, -0.375, -0.125]
[-0.6875, 0.1875, -0.5625]
[-0.6875, 0.1875, -0.5625]
[-0.6875, 0.1875, -0.5625]
[-0.5625, 0.0625, 0.125]
[-0.5625, 0.0625, 0.125]
[-0.5625, 0.0625, 0.125]
[0.5, 0.3125, 0.375]
[0.5, 0.3125, 0.375]
[0.0, 0.25, 0.0]
[0.0, 0.25, 0.0]
[0.0, 0.25, 0.0]
[0.0, 0.25, 0.0]
[0.125, 0.5625, -0.1875]
[0.125, 0.5625, -0.1875]
[0.125, 0.5625, 0.125]
[0.125, 0.5625, 0.125]
[0.125, 0.5625, 0.125]
[-0.1875, 0.0625, -0.0625]
[-0.1875, 0.0625, -0.0625]
[-0.4375, 0.0625, -0.4375]
[-0.4375, 0.0625, -0.4375]
[-0.4375, 0.0625, -0.4375]
[-0.4375, 0.0625, -0.4375]
[0.25, 0.6875, 0.5625]
[0.25, 0.6875, 0.5625]
[0.25, 0.6875, 0.5625]
[-0.0625, 0.8125, 0.375]
[-0.0625, 0.8125, 0.375]
[-0.0625, 0.8125, 0.375]
[-0.375, 0.3125, -0.3125]
[-0.375, 0.3125, -0.3125]
[-0.375, 0.3125, -0.3125]
[-0.4375, 0.8125, -0.25]
[-0.4375, 0.8125, -0.25]
[-0.4375, 0.8125, -0.25]
[-0.4375, 0.8125, -0.25]
[-0.25, 0.25, 0.0625]
[-0.25, 0.25, 0.0625]
[0.0625, -0.25, 0.0]
[0.0625, -0.25, 0.0]
[0.0625, -0.25, 0.0]
[-0.25, -0.3125, 0.0]
[-0.25, -0.3125, 0.0]
[0.125, -0.1875, 0.25]
[0.125, -0.1875, 0.25]
[0.125, -0.1875, 0.25]
[0.125, -0.1875, 0.25]
[0.5, 0.1875, 0.3125]
[0.5, 0.1875, 0.3125]
[0.0, 0.375, 0.0625]
[0.0, 0.375, 0.0625]
[0.0, 0.375, 0.0625]
[0.0, 0.375, 0.0625]
[0.0, 0.375, 0.0625]
[0.0625, 0.9375, 0.125]
[0.0625, 0.9375, 0.125]
[0.0625, 0.625, 0.5]
[0.0625, 0.625, 0.5]
[0.0625, 0.625, 0.5]
[0.0625, 0.625, 0.5]
[0.0625, 0.625, 0.5]
[0.25, -0.1875, -1.0]
[0.25, -0.1875, -1.0]
[0.25, -0.1875, -1.0]
[0.25, -0.1875, -1.0]
[0.25, -0.1875, -1.0]
[0.0625, 0.4375, -0.25]
[0.0625, 0.4375, -0.25]
[0.0625, 0.4375, -0.25]
[0.0625, 0.4375, -0.25]
[0.0625, 0.4375, -0.25]
[-0.8125, -0.4375, -0.375]
[-0.8125, -0.4375, -0.375]
[0.0625, -0.5625, -0.1875]
[0.0625, -0.5625, -0.1875]
[0.0625, -0.5625, -0.1875]
[0.0625, -0.5625, -0.1875]
[1.125, -0.8125, 0.5]
[1.125, -0.8125, 0.5]
[1.125, -1.0625, 0.1875]
[1.125, -1.0625, 0.1875]
[1.125, -1.0625, 0.1875]
[1.125, -1.0625, 0.1875]
[1.125, -1.0625, 0.1875]
[0.875, -0.375, 0.1875]
[0.875, -0.375, 0.1875]
[0.25, -0.0625, 0.0]
[0.25, -0.0625, 0.0]
[0.25, -0.0625, 0.0]
[0.25, -0.0625, 0.0]
[0.25, -0.0625, 0.0]
[-0.9375, 1.0, -0.0625]
[-0.9375, 1.0, -0.0625]
[-0.9375, 1.0, -0.0625]
[-0.9375, 1.0, -0.0625]
[-0.3125, 0.75, 0.0]
[-0.3125, 0.75, 0.0]
[0.1875, 0.375, 0.3125]
[0.1875, 0.375, 0.3125]
[0.1875, 0.375, 0.3125]
[0.1875, 0.375, 0.3125]
[0.625, -0.25, 0.125]
[0.625, -0.25, 0.125]
[0.375, -0.4375, 0.0]
[0.375, -0.4375, 0.0]
[0.375, -0.4375, 0.0]
[0.375, -0.4375, 0.0]
[0.5625, -0.3125, 0.0625]
[0.5625, -0.3125, 0.0625]
[0.4375, -0.0625, 0.125]
[0.4375, -0.0625, 0.125]
[0.4375, -0.0625, 0.125]
[-0.875, 0.0, -0.5625]
[-0.875, 0.0, -0.5625]
[-0.875, 0.0, -0.5625]
[-0.6875, -0.3125, -0.125]
[-0.6875, -0.3125, -0.125]
[-0.6875, -0.3125, -0.125]
[-0.6875, -0.3125, -0.125]
[0.875, -0.6875, 0.25]
[0.875, -0.6875, 0.25]
[0.875, -0.6875, 0.25]
[0.125, -0.75, -0.125]
[0.6875, -0.375, -0.125]
[0.6875, -0.375, -0.125]
[0.875, -0.5, 0.125]
[0.875, -0.5, 0.125]
[0.875, -0.5, 0.125]
[0.375, -0.6875, 0.375]
[0.125, -0.6875, 0.0]
[0.125, -0.6875, 0.0]
[0.125, -0.6875, 0.0]
[0.0, -0.6875, -0.4375]
[0.0, -0.6875, -0.4375]
[-0.375, -0.6875, -0.6875]
[-0.375, -0.6875, -0.6875]
[0.125, -0.3125, 0.0]
[0.125, -0.3125, 0.0]
[0.75, 0.125, 0.3125]
[0.75, 0.125, 0.3125]
[0.75, 0.125, 0.3125]
[-0.3125, -0.4375, -0.25]
[-0.3125, -0.4375, -0.25]
[-0.3125, -0.4375, -0.25]
[0.3125, -0.5625, -0.25]
[0.3125, -0.5625, -0.25]
[0.75, -0.75, -0.0625]
[0.75, -0.75, -0.0625]
[0.75, -0.8125, 0.375]
[0.75, -0.8125, 0.375]
[0.9375, -1.0, 0.25]
[0.9375, -1.0, 0.25]
[1.125, -1.3125, 0.0]
[1.1875, -1.5, -0.3125]
[1.1875, -1.5, -0.3125]
[1.375, -1.5, -0.375]
[1.375, -1.5, -0.375]
[1.375, -1.5, -0.375]
[2.0625, -1.625, -0.1875]
[1.875, -1.8125, 0.0625]
[1.875, -1.8125, 0.0625]
[1.875, -1.8125, 0.0625]
[1.625, -2.0, 0.125]
[1.625, -2.0, 0.125]
[2.0625, -1.875, 0.0625]
[2.0625, -1.875, 0.0625]
[2.0625, -1.875, 0.0625]
[1.6875, -1.9375, 0.125]
[1.1875, -1.875, 0.1875]
[1.1875, -1.875, 0.1875]
[1.5625, -1.5, 0.0]
[1.5625, -1.5, 0.0]
[1.5625, -1.5, 0.0]
[1.1875, -1.5625, -0.125]
[1.1875, -1.5625, -0.125]
[0.6875, -1.4375, -0.375]
[0.6875, -1.4375, -0.375]
[0.9375, -1.3125, -0.5625]
[0.9375, -1.3125, -0.5625]
[1.0, -1.5, -0.5625]
[0.75, -1.3125, -0.3125]
[0.75, -1.3125, -0.3125]
[1.125, -1.0, -0.0625]
[1.125, -1.0, -0.0625]
[0.9375, -1.0625, -0.0625]
[1.125, -1.0, -0.125]
[1.125, -1.0, -0.125]
[1.125, -1.0, -0.125]
[0.5625, -0.9375, -0.0625]
[0.5625, -0.9375, -0.0625]
[1.125, -0.875, -0.1875]
[1.0, -1.0625, -0.1875]
[1.0, -1.0625, -0.1875]
[1.0, -1.0625, -0.1875]
[1.0, -1.0625, -0.1875]
[0.625, -1.4375, -0.0625]
[0.625, -1.4375, -0.0625]
[1.5, -1.4375, -0.0625]
[1.1875, -1.125, -0.3125]
[1.1875, -1.125, -0.3125]
[0.875, -1.375, -0.375]
[0.875, -1.375, -0.375]
[1.125, -2.125, -0.4375]
[1.125, -2.125, -0.4375]
[2.0, -1.75, -0.5]
[2.0, -1.75, -0.5]
[2.0, -1.75, -0.5]
[0.9375, -1.0625, -0.5]
[0.9375, -1.0625, -0.5]
[0.9375, -1.0625, -0.5]
[1.375, -1.0, -0.6875]
[1.25, -1.25, -0.875]
[1.25, -1.25, -0.875]
[1.25, -1.25, -0.875]
[1.625, -0.8125, -0.75]
[1.0, -0.5, -0.8125]
[1.0, -0.5, -0.8125]
[0.1875, -0.5, -1.1875]
[0.1875, -0.5, -1.1875]
[0.1875, -0.5, -1.1875]
[1.75, -0.75, -1.3125]
[0.4375, -1.4375, -1.0]
[0.4375, -1.4375, -1.0]
[0.3125, -1.1875, -0.6875]
[0.3125, -1.1875, -0.6875]
[0.3125, -0.875, 0.3125]
[0.3125, -0.875, 0.3125]
[0.9375, -1.1875, 0.0]
[0.9375, -1.1875, 0.0]
[-0.4375, -1.4375, 0.6875]
[-0.4375, -1.4375, 0.6875]
[0.75, -0.125, 1.625]
[0.75, -0.125, 1.625]
[2.0625, 0.5, 1.1875]
[2.0625, 0.5, 1.1875]
[2.0625, 0.5, 1.1875]
[-0.3125, -0.375, 0.125]
[-0.3125, -0.375, 0.125]
[0.125, -0.625, -0.625]
[-0.3125, -0.0625, -0.75]
[-0.3125, -0.0625, -0.75]
[-0.75, 0.5625, -0.125]
[-0.75, 0.5625, -0.125]
[-1.4375, 0.1875, -0.3125]
[-0.3125, -0.0625, -1.1875]
[-0.3125, -0.0625, -1.1875]
[-0.3125, -0.0625, -1.1875]
[-0.75, -0.1875, -1.5625]
[-0.75, -0.1875, -1.5625]
[-0.75, -0.1875, -1.5625]
[-1.875, 0.0, -1.9375]
[-0.5, 0.0625, -1.875]
[-0.5, 0.0625, -1.875]
[-0.1875, 0.6875, -2.1875]
[-0.1875, 0.6875, -2.1875]
[-1.25, 1.8125, -2.4375]
[-2.6875, 2.5, -2.1875]
[-2.6875, 2.5, -2.1875]
[-1.0625, 2.25, -2.1875]
[-1.0625, 2.25, -2.1875]
[-1.0625, 2.25, -2.1875]
[0.1875, 1.25, -2.0625]
[0.1875, 1.25, -2.0625]
[-1.5, 0.6875, -1.25]
[-0.375, 1.0, -0.3125]
[-0.375, 1.0, -0.3125]
[-0.375, 1.0, -0.3125]
[-0.25, 1.0, -0.625]
[-0.25, 1.0, -0.625]
[-0.25, 1.0, -0.625]
[0.0625, 1.0, -0.8125]
[0.25, 0.875, -0.125]
[0.25, 0.875, -0.125]
[0.8125, 0.375, 1.0]
[0.8125, 0.375, 1.0]
[0.8125, 0.375, 1.0]
[0.875, 0.8125, 0.4375]
[0.875, 0.8125, 0.4375]
[0.875, 0.8125, 0.4375]
[0.0, -0.1875, 0.25]
[0.0, -0.1875, 0.25]
[0.25, -0.3125, -0.125]
[0.25, -0.3125, -0.125]
[0.25, -0.3125, -0.125]
[0.75, -0.125, -0.5]
[0.375, -0.25, -0.3125]
[0.375, -0.25, -0.3125]
[0.375, -0.25, -0.3125]
[0.375, -0.25, -0.3125]
[0.0625, 0.375, -0.125]
[0.0625, 0.375, -0.125]
[0.375, 0.25, 0.0]
[0.375, 0.25, 0.0]
[0.4375, -0.3125, 0.1875]
[0.4375, -0.3125, 0.1875]
[0.9375, -0.0625, 0.25]
[0.9375, -0.0625, 0.25]
[0.125, -0.125, -0.125]
[0.125, -0.125, -0.125]
[-0.1875, -0.25, -0.125]
[-0.1875, -0.25, -0.125]
[0.4375, -0.4375, 0.0]
[0.4375, -0.4375, 0.0]
[0.5, -0.5, 0.125]
[0.5, -0.5, 0.125]
[0.1875, -0.0625, 0.3125]
[0.1875, -0.0625, 0.3125]
[-0.25, 0.25, 0.0625]
[-0.25, 0.25, 0.0625]
[-0.1875, -0.125, 0.0]
[-0.1875, -0.125, 0.0]
[-0.375, -0.4375, 0.0625]
[-0.375, -0.4375, 0.0625]
[0.25, -0.6875, 0.4375]
[0.25, -0.6875, 0.4375]
[0.3125, -0.6875, 0.25]
[0.3125, -0.6875, 0.25]
[-0.1875, -0.5, -0.125]
[-0.1875, -0.5, -0.125]
[0.4375, -0.3125, -0.625]
[0.125, -0.3125, -0.125]
[0.125, -0.3125, -0.125]
[0.125, -0.3125, -0.125]
[0.0, 0.0625, 0.625]
[0.0, 0.0625, 0.625]
[0.0625, 0.0625, 0.4375]
[0.25, 0.1875, 0.0]
[0.25, 0.1875, 0.0]
[0.25, 0.1875, 0.0]
[-1.0, -0.125, -0.3125]
[-1.0, -0.125, -0.3125]
[-0.8125, 0.0, -0.4375]
[-0.1875, -0.5, 0.3125]
[-0.1875, -0.5, 0.3125]
[-0.1875, -0.5, 0.3125]
[1.25, -0.625, 0.4375]
[1.25, -0.625, 0.4375]
[1.25, -0.625, 0.4375]
[1.0625, -0.75, 0.125]
[-0.375, -0.4375, 0.0625]
[-0.375, -0.4375, 0.0625]
[-0.0625, -0.25, -0.25]
[-0.0625, -0.25, -0.25]
[-0.0625, -0.25, -0.25]
[0.8125, -0.125, 0.0625]
[0.5, 0.0, 0.5]
[0.5, 0.0, 0.5]
[-0.375, -0.0625, 0.5625]
[-0.375, -0.0625, 0.5625]
[-0.1875, 0.125, 0.125]
[0.25, -0.5625, -0.375]
[0.25, -0.5625, -0.375]
[0.25, -0.5625, -0.375]
[-0.0625, -0.5, -0.375]
[-0.0625, -0.5, -0.375]
[0.375, 0.5, 0.3125]
[0.375, 0.5, 0.3125]
[-0.125, 0.6875, 0.1875]
[-0.6875, 0.375, -0.3125]
[-0.6875, 0.375, -0.3125]
[-0.6875, 0.375, -0.3125]
[-0.5, 0.5625, -0.1875]
[-0.5, 0.5625, -0.1875]
[-0.5, 0.5625, -0.1875]
[-0.3125, 0.875, 0.1875]
[-0.5625, 0.5625, 0.3125]
[-0.5625, 0.5625, 0.3125]
[-0.4375, 0.3125, 0.125]
[-0.4375, 0.3125, 0.125]
[-0.4375, 0.3125, 0.125]
[0.0625, 0.125, 0.0]
[0.0625, 0.125, 0.0]
[-0.125, 0.125, -0.125]
[-0.375, 0.0, 0.0]
[-0.375, 0.0, 0.0]
[-0.375, 0.0, 0.0]
[0.125, -0.25, 0.0]
[0.0625, -0.3125, 0.125]
[0.0625, -0.3125, 0.125]
[-0.1875, -0.4375, 0.1875]
[-0.1875, -0.4375, 0.1875]
[0.6875, 0.0625, -0.125]
[-0.125, -0.0625, -0.3125]
[-0.125, -0.0625, -0.3125]
[-0.125, -0.0625, -0.3125]
[-0.3125, -0.375, -0.6875]
[-0.3125, -0.375, -0.6875]
[-0.3125, 0.0, -0.6875]
[-0.1875, -0.0625, -0.6875]
[-0.1875, -0.0625, -0.6875]
[-0.1875, -0.0625, -0.6875]
[-0.1875, 0.3125, -0.4375]
[-0.1875, 0.3125, -0.4375]
[-0.1875, 0.3125, -0.4375]
[-0.8125, 0.0, -0.6875]
[-0.8125, 0.0, -0.6875]
[-0.625, 0.375, -0.5625]
[-0.625, 0.375, -0.5625]
[-0.5625, 0.3125, -0.1875]
[-0.0625, 0.375, 0.0]
[-0.0625, 0.375, 0.0]
[-0.0625, 0.3125, 0.3125]
[-0.0625, 0.3125, 0.3125]
[0.0625, 0.25, 0.625]
[0.0625, 0.25, 0.625]
[-0.1875, 0.3125, 0.25]
[-0.1875, 0.3125, 0.25]
[0.0, 0.3125, 0.0]
[-0.1875, 0.3125, 0.125]
[-0.1875, 0.3125, 0.125]
[-0.125, 0.3125, 0.125]
[-0.125, 0.3125, 0.125]
[0.0625, 0.3125, 0.1875]
[0.0625, 0.3125, 0.1875]
[0.1875, 0.125, 0.375]
[0.1875, 0.125, 0.375]
[0.5, 0.0625, 0.5]
[0.5, 0.0625, 0.5]
[-0.0625, 0.125, 0.1875]
[-0.0625, 0.125, 0.1875]
[0.5625, 0.0625, 0.0625]
[0.5625, 0.0625, 0.0625]
[0.3125, 0.0, 0.0]
[0.0625, -0.25, 0.0]
[0.0625, -0.25, 0.0]
[0.0625, -0.25, 0.0]
[0.25, -0.0625, 0.125]
[0.25, -0.0625, 0.125]
[0.25, -0.0625, 0.125]
[0.0625, 0.0, 0.125]
[0.625, -0.1875, 0.3125]
[0.625, -0.1875, 0.3125]
[0.1875, -0.25, 0.3125]
[0.1875, -0.25, 0.3125]
[0.1875, -0.25, 0.3125]
[0.3125, -0.375, 0.0]
[-0.25, -0.5625, 0.0]
[-0.25, -0.5625, 0.0]
[-0.25, -0.5625, 0.0]
[0.25, -0.4375, 0.0]
[-0.5, -0.5, -0.375]
[-0.5625, -0.25, -0.375]
[-0.5625, -0.25, -0.375]
[-0.125, -0.3125, 0.5]
[-0.125, -0.3125, 0.5]
[-0.125, -0.3125, 0.5]
[1.5625, -0.125, 0.75]
[0.9375, -0.375, 0.4375]
[0.9375, -0.375, 0.4375]
[0.9375, -0.375, 0.4375]
[0.0625, -0.875, -0.125]
[0.5, -1.1875, -0.75]
[0.5, -1.1875, -0.75]
[0.8125, -1.5, -0.5]
[0.8125, -1.5, -0.5]
[1.3125, -1.75, 0.3125]
[1.3125, -1.75, 0.3125]
[1.4375, -2.25, 0.5625]
[1.4375, -2.25, 0.5625]
[1.875, -2.25, 0.0]
[1.875, -2.25, 0.0]
[1.4375, -2.4375, -0.625]
[1.4375, -2.4375, -0.625]
[1.8125, -1.625, 0.0]
[1.8125, -1.625, 0.0]
[1.8125, -1.625, 0.0]
[1.5, -1.0, 0.75]
[1.25, -0.625, 0.6875]
[1.25, -0.625, 0.6875]
[1.25, -0.625, 0.6875]
[1.25, -0.625, 0.6875]
[0.5625, -0.3125, 0.1875]
[0.3125, -0.1875, 0.375]
[0.3125, -0.1875, 0.375]
[0.75, -0.25, 0.5]
[0.75, -0.25, 0.5]
[0.75, -0.25, 0.5]
[0.5625, -0.6875, 0.0625]
[0.625, -0.9375, -0.0625]
[0.625, -0.9375, -0.0625]
[0.8125, -0.375, 0.0]
[0.8125, -0.375, 0.0]
[0.75, -0.5625, 0.25]
[0.75, -0.5625, 0.25]
[0.8125, -1.1875, 0.125]
[0.8125, -1.1875, 0.125]
[1.3125, -1.3125, 0.25]
[1.3125, -1.3125, 0.25]
[1.3125, -1.3125, 0.25]
[0.9375, -0.6875, 0.25]
[0.9375, -0.6875, 0.25]
[0.9375, -0.6875, 0.25]
[1.1875, -0.8125, 0.0]
[1.1875, -0.8125, 0.0]
[0.875, -0.625, -0.25]
[0.9375, -0.375, 0.0]
[0.9375, -0.375, 0.0]
[0.9375, -0.375, 0.0]
[1.0625, -0.0625, 0.0]
[1.0625, -0.0625, 0.0]
[0.875, -0.0625, -0.5]
[1.125, -0.3125, -0.4375]
[1.125, -0.3125, -0.4375]
[1.125, -0.3125, -0.4375]
[1.3125, -0.75, -0.1875]
[1.3125, -0.75, -0.1875]
[1.5625, -1.0, -0.25]
[1.75, -1.3125, -0.1875]
[1.75, -1.3125, -0.1875]
[1.75, -1.3125, -0.1875]
[1.1875, -1.25, -0.375]
[1.1875, -1.25, -0.375]
[1.1875, -1.3125, -0.3125]
[1.0, -1.625, -0.0625]
[1.0, -1.625, -0.0625]
[1.125, -1.5625, 0.125]
[1.125, -1.5625, 0.125]
[1.125, -1.5625, 0.125]
[1.4375, -1.1875, 0.125]
[1.0, -0.8125, 0.3125]
[1.0, -0.8125, 0.3125]
[0.4375, -0.8125, 0.0]
[0.4375, -0.8125, 0.0]
[0.4375, -0.8125, 0.0]
[0.8125, -0.9375, 0.0]
[0.875, -0.8125, 0.0625]
[0.875, -0.8125, 0.0625]
[0.0, -0.375, 0.1875]
[0.0, -0.375, 0.1875]
[0.0, -0.375, 0.1875]
[0.375, -0.625, 0.125]
[0.375, -0.625, 0.125]
[0.375, -0.625, 0.125]
[0.5625, -0.8125, 0.0625]
[0.5625, -0.6875, -0.0625]
[0.5625, -0.6875, -0.0625]
[-0.0625, -0.0625, 0.0]
[-0.0625, -0.0625, 0.0]
[0.0625, 0.0, 0.0625]
[0.125, -0.0625, 0.25]
[0.125, -0.0625, 0.25]
[0.125, -0.0625, 0.25]
[-0.3125, -0.25, 0.0]
[0.0, 0.25, -0.125]
[0.0, 0.25, -0.125]
[-0.5, 0.0625, -0.3125]
[-0.5, 0.0625, -0.3125]
[-0.5, 0.0625, -0.3125]
[-0.6875, 0.1875, -0.5625]
[-0.6875, 0.1875, -0.5625]
[-1.875, 0.25, -0.8125]
[-0.6875, 0.625, -0.0625]
[-0.6875, 0.625, -0.0625]
[-0.6875, 0.625, -0.0625]
[0.3125, 0.5625, 0.9375]
[0.3125, 0.5625, 0.9375]
[0.3125, 0.5625, 0.9375]
[1.125, 0.8125, 0.6875]
[-0.4375, 0.5, 0.0]
[-0.4375, 0.5, 0.0]
[-0.5625, 0.5, -0.25]
[-0.5625, 0.5, -0.25]
[-0.5625, 0.5, -0.25]
[-0.5625, 0.5, -0.25]
[0.1875, 0.3125, 0.3125]
[0.1875, 0.3125, 0.3125]
[-0.3125, -0.125, 0.4375]
[-0.3125, -0.125, 0.4375]
[-0.3125, -0.0625, 0.0]
[-0.75, 0.125, -0.4375]
[-0.75, 0.125, -0.4375]
[-0.375, 0.1875, -0.3125]
[-0.375, 0.1875, -0.3125]
[-0.375, 0.1875, -0.3125]
[0.25, 0.5, 0.375]
[0.25, 0.5, 0.375]
[-0.3125, 0.375, 0.1875]
[-0.3125, 0.375, 0.1875]
[-0.3125, 0.75, -0.1875]
[-0.3125, 0.75, -0.1875]
[-0.25, 0.5625, -0.1875]
[-0.0625, 0.4375, 0.125]
[-0.0625, 0.4375, 0.125]
[-0.0625, 0.4375, 0.125]
[0.1875, 0.1875, 0.1875]
[0.1875, 0.1875, 0.1875]
[0.0, -0.125, 0.0]
[0.0, -0.125, 0.0]
[-0.3125, -0.25, -0.0625]
[-0.0625, -0.375, -0.1875]
[-0.0625, -0.375, -0.1875]
[-0.0625, -0.375, -0.1875]
[0.125, -0.5, 0.0]
[0.125, -0.5, 0.0]
[0.125, -0.5, 0.25]
[0.125, -0.5, 0.25]
[0.125, -0.5, 0.25]
[0.5, -0.625, 0.375]
[0.5, -0.625, 0.375]
[0.5, -0.625, 0.375]
[0.5, -0.4375, -0.0625]
[0.5, -0.4375, -0.0625]
[0.125, -0.5625, -0.0625]
[0.125, -0.5625, -0.0625]
[0.125, -0.5625, -0.0625]
[0.4375, -0.5625, -0.1875]
[-0.0625, -0.375, -0.25]
[-0.0625, -0.375, -0.25]
[-0.125, -0.3125, -0.25]
[-0.125, -0.3125, -0.25]
[-0.4375, -0.375, -0.25]
[-0.0625, -0.1875, -0.1875]
[-0.0625, -0.1875, -0.1875]
[0.25, -0.25, -0.125]
[0.25, -0.25, -0.125]
[0.25, -0.3125, 0.125]
[0.25, -0.3125, 0.125]
[0.1875, -0.0625, 0.1875]
[0.1875, -0.0625, 0.1875]
[0.25, 0.0, -0.0625]
[0.25, 0.0, -0.0625]
[0.3125, 0.0, -0.0625]
[0.3125, 0.0, -0.0625]
[-0.0625, -0.375, 0.125]
[-0.0625, -0.375, 0.125]
[0.125, -0.3125, 0.125]
[0.125, -0.3125, 0.125]
[0.125, -0.3125, 0.125]
[0.0625, 0.0, 0.0625]
[0.0625, 0.0, 0.0625]
[-0.4375, -0.125, 0.0625]
[-0.4375, -0.125, 0.0625]
[0.0, 0.0, 0.1875]
[0.125, -0.3125, 0.125]
[0.125, -0.3125, 0.125]
[-0.0625, -0.4375, 0.0625]
[-0.0625, -0.4375, 0.0625]
[-0.0625, -0.4375, 0.0625]
[0.1875, -0.3125, 0.0625]
[0.1875, -0.3125, 0.0625]
[0.0, -0.25, 0.0]
[0.25, -0.3125, -0.0625]
[0.25, -0.3125, -0.0625]
[0.0, -0.3125, -0.1875]
[0.0, -0.3125, -0.1875]
[0.5, -0.5625, -0.25]
[0.5, -0.5625, -0.25]
[0.0, -0.5, -0.25]
[0.0, -0.5, -0.25]
[0.0625, -0.25, -0.25]
[0.0625, -0.25, -0.25]
[-0.4375, -0.25, -0.375]
[-0.4375, -0.25, -0.375]
[-0.1875, -0.4375, -0.625]
[-0.1875, -0.4375, -0.625]
[-1.3125, -0.5625, -1.125]
[-1.3125, -0.5625, -1.125]
[-0.75, -0.375, -0.4375]
[-0.75, -0.375, -0.4375]
[0.4375, -0.5625, 0.5]
[0.4375, -0.5625, 0.5]
[1.25, -0.5, 0.4375]
[1.25, -0.5, 0.4375]
[0.75, -0.6875, 0.0]
[0.75, -0.6875, 0.0]
[0.125, -0.875, -0.3125]
[0.125, -0.875, -0.3125]
[0.5, -0.6875, -0.3125]
[0.5, -0.6875, -0.3125]
[0.5, -0.6875, -0.3125]
[0.4375, -0.1875, 0.125]
[0.4375, -0.1875, 0.125]
[0.4375, -0.1875, 0.125]
[-0.0625, -0.1875, 0.3125]
[-0.0625, -0.1875, 0.3125]
[-0.0625, -0.1875, -0.375]
[-0.0625, -0.1875, -0.375]
[-0.0625, -0.1875, -0.375]
[-0.625, 0.0, -0.5]
[0.0625, 0.375, 0.0625]
[0.0625, 0.375, 0.0625]
[0.0625, 0.375, 0.0625]
[0.0625, 0.375, 0.0625]
[0.1875, 0.375, 0.375]
[0.5, 0.375, 0.3125]
[-0.5, 0.4375, 0.0625]
[-0.5, 0.4375, 0.0625]
[-0.0625, 0.625, 0.125]
[-0.4375, 0.125, 0.375]
[-0.4375, 0.125, 0.375]
[-0.4375, 0.125, 0.375]
[-0.5, 0.125, 0.125]
[-0.5, 0.125, 0.125]
[-0.3125, -0.0625, 0.0625]
[-0.1875, 0.0, -0.0625]
[-0.1875, 0.0, -0.0625]
[-0.1875, 0.0, -0.0625]
[-0.5625, 0.3125, 0.3125]
[-0.5625, 0.3125, 0.3125]
[-1.0, 0.125, 0.375]
[0.25, 0.75, 0.8125]
[0.25, 0.75, 0.8125]
[0.25, 0.75, 0.8125]
[1.1875, 0.0, 0.3125]
[1.1875, 0.0, 0.3125]
[1.1875, 0.0, 0.3125]
[-0.6875, -0.4375, -0.3125]
[0.5625, 0.0625, -0.125]
[0.5625, 0.0625, -0.125]
[0.0625, -0.25, -0.0625]
[0.0625, -0.25, -0.0625]
[0.375, -0.5, -0.125]
[0.375, -0.5, -0.125]
[0.5, -0.4375, -0.125]
[0.5, -0.4375, -0.125]
[0.0, -0.6875, -0.3125]
[0.0, -0.6875, -0.3125]
[-0.0625, -0.25, -0.1875]
[-0.0625, -0.1875, -0.3125]
[-0.0625, -0.1875, -0.3125]
[0.4375, -0.25, -0.1875]
[0.4375, -0.25, -0.1875]
[0.3125, -0.4375, 0.0]
[0.3125, -0.4375, 0.0]
[0.5, -0.5625, 0.0625]
[0.5, -0.5625, 0.0625]
[0.6875, -0.4375, -0.0625]
[0.6875, -0.4375, -0.0625]
[0.5625, -0.4375, -0.1875]
[0.5625, -0.4375, -0.1875]
[0.0625, -0.625, -0.25]
[0.0625, -0.625, -0.25]
[0.3125, -0.4375, -0.0625]
[0.3125, -0.4375, -0.0625]
[0.5, -0.375, -0.0625]
[0.5, -0.375, -0.0625]
[0.1875, -0.0625, 0.0625]
[0.1875, -0.0625, 0.0625]
[0.125, -0.25, 0.0]
[0.125, -0.25, 0.0]
[0.8125, -0.6875, -0.25]
[0.8125, -0.6875, -0.25]
[0.8125, -0.625, -0.3125]
[0.8125, -0.625, -0.3125]
[0.4375, -0.6875, -0.25]
[0.4375, -0.6875, -0.25]
[0.3125, -0.875, -0.3125]
[0.875, -0.6875, -0.125]
[0.875, -0.6875, -0.125]
[0.875, -0.6875, -0.125]
[0.4375, -0.4375, 0.0625]
[0.4375, -0.4375, 0.0625]
[0.625, -0.6875, 0.125]
[0.625, -0.6875, 0.125]
[0.6875, -0.6875, 0.0]
[0.6875, -0.6875, 0.0]
[1.0, -1.0625, 0.0625]
[1.0, -1.0625, 0.0625]
[1.0, -1.0625, 0.0625]
[0.875, -1.1875, -0.375]
[0.5625, -1.5, -0.4375]
[0.5625, -1.5, -0.4375]
[0.5625, -1.5, -0.4375]
[0.5625, -1.5, -0.4375]
[0.0625, -0.875, -0.125]
[0.0625, -0.875, -0.125]
[0.0625, -0.875, -0.125]
[0.0625, -0.875, -0.125]
[0.0625, -0.875, -0.125]
[0.0625, -0.875, -0.125]
[1.875, -1.0, 0.375]
[1.875, -1.0, 0.375]
[1.875, -1.0, 0.375]
[1.875, -1.0, 0.375]
[1.25, -1.25, -0.125]
[1.25, -1.25, -0.125]
[1.3125, -0.875, 0.1875]
[1.3125, -0.875, 0.1875]
[1.3125, -0.875, 0.1875]
[0.375, -1.5, 0.125]
[0.375, -1.5, 0.125]
[0.875, -1.375, -0.125]
[0.875, -1.375, -0.125]
[0.875, -1.375, -0.125]
[0.875, -1.375, -0.125]
[0.875, -1.375, -0.125]
[0.75, -0.6875, 0.375]
[0.75, -0.6875, 0.375]
[0.75, -0.6875, 0.375]
[0.75, -0.6875, 0.375]
[0.75, -0.6875, 0.375]
[0.75, -0.6875, 0.375]
[0.25, -0.4375, -0.375]
[0.25, -0.4375, -0.375]
[0.125, -0.375, -0.1875]
[0.125, -0.375, -0.1875]
[0.125, -0.375, -0.1875]
[0.125, -0.375, -0.1875]
[0.125, -0.375, -0.1875]
[0.8125, -0.6875, 0.625]
[0.6875, -1.0625, 0.3125]
[0.6875, -1.0625, 0.3125]
[0.6875, -1.0625, 0.3125]
[0.6875, -1.0625, 0.3125]
[0.8125, -0.6875, 0.0]
[0.6875, -0.875, 0.1875]
[0.6875, -0.875, 0.1875]
[0.6875, -0.875, 0.1875]
[0.6875, -0.875, 0.1875]
[1.0625, -0.9375, 0.375]
[1.0625, -0.9375, 0.375]
[0.5625, -1.0625, 0.375]
[0.5625, -1.0625, 0.375]
[0.5625, -1.0625, 0.375]
[0.5625, -1.0625, 0.375]
[0.5, -0.8125, 0.0]
[0.5, -0.8125, 0.0]
[0.9375, -0.625, 0.0]
[0.9375, -0.625, 0.0]
[0.9375, -0.625, 0.0]
[0.9375, -0.625, 0.0]
[0.625, -0.6875, -0.0625]
[0.625, -0.6875, -0.0625]
[0.6875, -1.0625, -0.25]
[0.6875, -1.0625, -0.25]
[0.6875, -1.0625, -0.25]
[0.6875, -1.0625, -0.25]
[0.875, -1.0, -0.25]
[0.875, -1.0, -0.25]
[0.75, -0.875, 0.0]
[0.75, -0.875, 0.0]
[0.75, -0.875, 0.0]
[0.75, -0.875, 0.0]
[1.1875, -1.0625, -0.1875]
[1.1875, -1.0625, -0.1875]
[0.75, -0.4375, 0.0]
[0.75, -0.4375, 0.0]
[0.75, -0.4375, 0.0]
[0.75, -0.4375, 0.0]
[0.8125, -0.875, -0.375]
[0.8125, -0.875, -0.375]
[0.125, -1.125, -0.4375]
[0.125, -1.125, -0.4375]
[0.125, -1.125, -0.4375]
[0.125, -1.125, -0.4375]
[0.5, -1.1875, -0.125]
[0.5, -1.1875, -0.125]
[0.5, -1.1875, -0.125]
[0.6875, -1.1875, -0.125]
[0.6875, -1.1875, -0.125]
[0.6875, -1.1875, -0.125]
[0.6875, -1.1875, -0.125]
[0.3125, -0.9375, -0.125]
[0.125, -0.8125, -0.1875]
[0.125, -0.8125, -0.1875]
[0.125, -0.8125, -0.1875]
[0.125, -0.8125, -0.1875]
[-0.0625, -0.1875, -0.0625]
[-0.0625, -0.1875, -0.0625]
[-0.375, 0.125, -0.125]
[-0.375, 0.125, -0.125]
[-0.375, 0.125, -0.125]
[-0.375, 0.125, -0.125]
[0.0625, 0.4375, -0.0625]
[0.0625, 0.4375, -0.0625]
[-0.4375, 0.25, -0.375]
[-0.4375, 0.25, -0.375]
[-0.4375, 0.25, -0.375]
[-0.4375, 0.25, -0.375]
[0.125, 0.125, -0.3125]
[0.125, 0.125, -0.3125]
[-0.125, 0.125, -0.125]
[-0.125, 0.125, -0.125]
[-0.125, 0.125, -0.125]
[-0.5, -0.125, 0.1875]
[-0.5, -0.125, 0.1875]
[0.875, 0.125, 0.625]
[0.875, 0.125, 0.625]
[0.875, 0.125, 0.625]
[0.875, 0.125, 0.625]
[0.875, 0.125, 0.625]
[0.3125, -0.5625, 0.0]
[-0.0625, -0.4375, -0.4375]
[-0.0625, -0.4375, -0.4375]
[-0.0625, -0.4375, -0.4375]
[-0.0625, -0.4375, -0.4375]
[0.0625, -0.3125, 0.3125]
[0.0625, -0.3125, 0.3125]
[0.3125, -0.3125, 0.3125]
[0.3125, -0.3125, 0.3125]
[0.3125, -0.3125, 0.3125]
[0.3125, -0.3125, 0.3125]
[-0.5625, -0.4375, -0.75]
[-0.1875, -0.1875, -0.75]
[-0.1875, -0.1875, -0.75]
[-0.1875, -0.1875, -0.75]
[-0.1875, -0.1875, -0.75]
[0.1875, -0.125, 0.0]
[0.1875, -0.125, 0.0]
[0.1875, 0.0, -0.1875]
[0.1875, 0.0, -0.1875]
[0.1875, 0.0, -0.1875]
[0.1875, 0.0, -0.1875]
[0.0, 0.1875, 0.125]
[0.0, 0.1875, 0.125]
[0.1875, 0.0, 0.1875]
[0.1875, 0.0, 0.1875]
[0.1875, 0.0, 0.1875]
[0.1875, 0.0, 0.1875]
[0.1875, 0.0, 0.1875]
[0.0, 0.3125, 0.0]
[0.0, 0.3125, 0.0]
[0.0, 0.3125, 0.0]
[0.0, 0.3125, 0.0]
[0.0, 0.3125, 0.0]
[0.1875, -0.3125, -0.0625]
[0.1875, -0.3125, -0.0625]
[0.5, -0.3125, 0.375]
[0.5, -0.3125, 0.375]
[0.5, -0.3125, 0.375]
[0.5, -0.3125, 0.375]
[0.125, 0.0625, -0.1875]
[0.125, 0.0625, -0.1875]
[0.0, -0.0625, -0.3125]
[0.0, -0.0625, -0.3125]
[0.0, -0.0625, -0.3125]
[0.0, -0.0625, -0.3125]
[0.6875, -0.375, -0.25]
[0.6875, -0.375, -0.25]
[0.3125, -0.0625, -0.3125]
[0.3125, -0.0625, -0.3125]
[0.3125, -0.0625, -0.3125]
[0.3125, -0.0625, -0.3125]
[0.3125, -0.25, -0.4375]
[0.3125, -0.25, -0.4375]
[0.0, -0.25, -0.375]
[0.0, -0.25, -0.375]
[0.0, -0.25, -0.375]
[0.0, -0.25, -0.375]
[0.25, -0.1875, -0.0625]
[0.25, -0.1875, -0.0625]
[0.1875, 0.0, -0.1875]
[0.1875, 0.0, -0.1875]
[0.1875, 0.0, -0.1875]
[0.1875, 0.0, -0.1875]
[0.375, -0.125, 0.0]
[0.375, -0.125, 0.0]
[-0.125, -0.1875, 0.125]
[-0.125, -0.1875, 0.125]
[-0.125, -0.1875, 0.125]
[-0.125, -0.1875, 0.125]
[0.5625, -0.125, -0.1875]
[0.5625, -0.125, -0.1875]
[-0.5, -0.4375, -0.0625]
[-0.5, -0.4375, -0.0625]
[-0.5, -0.4375, -0.0625]
[-0.5, -0.4375, -0.0625]
[-0.5, -0.4375, -0.0625]
[0.25, -0.3125, 0.0625]
[0.25, -0.3125, 0.0625]
[0.25, -0.3125, 0.0625]
[0.25, -0.3125, 0.0625]
[0.25, -0.3125, 0.0625]
[0.25, -0.3125, 0.0625]
[0.1875, -0.625, -0.0625]
[0.1875, -0.625, -0.0625]
[0.1875, -0.625, -0.0625]
[0.1875, -0.625, -0.0625]
[0.1875, -0.625, -0.0625]
[0.1875, -0.625, -0.0625]
[0.25, -0.6875, -0.1875]
[0.25, -0.6875, -0.1875]
[0.3125, -0.375, 0.125]
[0.3125, -0.375, 0.125]
[0.3125, -0.375, 0.125]
[0.3125, -0.375, 0.125]
[0.3125, -0.375, 0.125]
[0.125, -0.4375, -0.0625]
[0.125, -0.4375, -0.0625]
[0.125, -0.4375, -0.0625]
[0.125, -0.4375, -0.0625]
[-1.125, -0.625, -0.875]
[-1.125, -0.625, -0.875]
[-0.3125, -0.6875, -0.125]
[-0.3125, -0.6875, -0.125]
[-0.3125, -0.6875, -0.125]
[-0.3125, -0.6875, -0.125]
[-0.3125, -0.6875, -0.125]
[1.375, -0.125, 0.8125]
[1.375, -0.125, 0.8125]
[1.375, -0.125, 0.8125]
[0.5, -0.125, 0.375]
[0.5, -0.125, 0.375]
[0.5, -0.125, 0.375]
[0.5, 0.1875, -0.3125]
[0.5, 0.1875, -0.3125]
[0.5, 0.1875, -0.3125]
[0.5, 0.1875, -0.3125]
[0.5, 0.1875, -0.3125]
[0.5, 0.1875, -0.3125]
[0.5, 0.0, -0.0625]
[0.5, 0.0, -0.0625]
[0.5, 0.0, -0.0625]
[0.5, 0.0, -0.0625]
[0.5, 0.0, -0.0625]
[0.5625, 0.3125, 0.125]
[0.5625, 0.3125, 0.125]
[0.125, 0.0, 0.375]
[0.125, 0.0, 0.375]
[0.125, 0.0, 0.375]
[-0.3125, 0.125, -0.4375]
[-0.3125, 0.125, -0.4375]
[-0.25, 0.125, -0.375]
[-0.25, 0.125, -0.375]
[-0.4375, -0.0625, 0.1875]
[-0.4375, -0.0625, 0.1875]
[-0.4375, -0.0625, 0.1875]
[0.25, -0.625, 0.6875]
[0.4375, -0.75, 0.4375]
[0.4375, -0.75, 0.4375]
[0.4375, -0.75, 0.4375]
[0.0625, -0.6875, 0.0]
[0.0625, -0.6875, 0.0]
[0.3125, -0.9375, 0.0625]
[0.3125, -0.9375, 0.0625]
[0.1875, -1.3125, 0.375]
[0.75, -1.1875, 0.5625]
[0.75, -1.1875, 0.5625]
[1.25, -1.0625, 0.5]
[1.25, -1.0625, 0.5]
[0.625, -1.125, 0.75]
[0.625, -1.125, 0.75]
[0.6875, -1.0, 0.5]
[0.6875, -1.0, 0.5]
[1.1875, -1.375, 0.3125]
[1.1875, -1.375, 0.3125]
[1.5625, -1.0, -0.0625]
[1.5625, -1.0, -0.0625]
[1.875, -0.25, 0.9375]
[1.875, -0.25, 0.9375]
[1.3125, 0.5, 2.375]
[1.3125, 0.5, 2.375]
[1.125, 1.3125, 2.9375]
[1.125, 1.3125, 2.9375]
[0.4375, 1.4375, 2.0]
[0.4375, 1.4375, 2.0]
[3.375, 1.0, 1.5]
[3.375, 1.0, 1.5]
[1.8125, 0.9375, 0.375]
[1.8125, 0.9375, 0.375]
[0.875, 1.5625, -1.125]
[0.875, 1.5625, -1.125]
[0.875, 1.5625, -1.125]
[-2.9375, 4.6875, -3.625]
[-2.875, 5.5, -2.75]
[-2.875, 5.5, -2.75]
[-2.75, 5.4375, -1.9375]
[-2.75, 5.4375, -1.9375]
[-2.75, 5.4375, -1.9375]
[-1.9375, 6.0625, -1.8125]
[-1.9375, 6.0625, -1.8125]
[-3.0, 6.125, -2.0]
[-3.0, 6.125, -2.0]
[-3.0, 6.125, -2.0]
[-3.0, 6.125, -2.0]
[-3.875, 5.0625, -2.25]
[-4.625, 3.0, -2.375]
[-4.625, 3.0, -2.375]
